./execute_sim20 5000 1 1 0. 10 1 0 22.04560 0.00000 1
./execute_sim20 5000 1 1 0. 10 1 0 22.75680 0.00000 1
./execute_sim20 5000 1 1 0. 10 1 0 23.46790 0.00000 1
./execute_sim20 5000 1 1 0. 10 1 0 24.17910 0.00000 1
./execute_sim20 5000 1 1 0. 10 1 0 24.89020 0.00000 1
./execute_sim20 5000 1 1 0. 10 1 0 25.60140 0.00000 1
./execute_sim20 5000 1 1 0. 10 1 0 26.31250 0.00000 1
./execute_sim20 5000 1 1 0. 10 1 0 27.02370 0.00000 1
./execute_sim20 5000 1 1 0. 10 1 0 27.73480 0.00000 1
./execute_sim20 5000 1 1 0. 10 1 0 28.44600 0.00000 1
./execute_sim20 5000 1 1 0. 10 1 0 29.15710 0.00000 1
./execute_sim20 5000 1 1 0. 10 1 0 29.86830 0.00000 1
./execute_sim20 5000 1 1 0. 10 1 0 30.57940 0.00000 1
./execute_sim20 5000 1 1 0. 10 1 0 31.29060 0.00000 1
./execute_sim20 5000 1 1 0. 10 1 0 32.00170 0.00000 1
./execute_sim20 5000 1 1 0. 10 1 0 32.71290 0.00000 1
./execute_sim20 5000 1 1 0. 10 1 0 33.42400 0.00000 1
./execute_sim20 5000 1 1 0. 10 1 0 34.13520 0.00000 1
./execute_sim20 5000 1 1 0. 10 1 0 34.84630 0.00000 1
./execute_sim20 5000 1 1 0. 10 1 0 35.55750 0.00000 1
./execute_sim20 5000 1 1 0. 10 1 0 22.04560 0.05000 1
./execute_sim20 5000 1 1 0. 10 1 0 22.75680 0.05000 1
./execute_sim20 5000 1 1 0. 10 1 0 23.46790 0.05000 1
./execute_sim20 5000 1 1 0. 10 1 0 24.17910 0.05000 1
./execute_sim20 5000 1 1 0. 10 1 0 24.89020 0.05000 1
./execute_sim20 5000 1 1 0. 10 1 0 25.60140 0.05000 1
./execute_sim20 5000 1 1 0. 10 1 0 26.31250 0.05000 1
./execute_sim20 5000 1 1 0. 10 1 0 27.02370 0.05000 1
./execute_sim20 5000 1 1 0. 10 1 0 27.73480 0.05000 1
./execute_sim20 5000 1 1 0. 10 1 0 28.44600 0.05000 1
./execute_sim20 5000 1 1 0. 10 1 0 29.15710 0.05000 1
./execute_sim20 5000 1 1 0. 10 1 0 29.86830 0.05000 1
./execute_sim20 5000 1 1 0. 10 1 0 30.57940 0.05000 1
./execute_sim20 5000 1 1 0. 10 1 0 31.29060 0.05000 1
./execute_sim20 5000 1 1 0. 10 1 0 32.00170 0.05000 1
./execute_sim20 5000 1 1 0. 10 1 0 32.71290 0.05000 1
./execute_sim20 5000 1 1 0. 10 1 0 33.42400 0.05000 1
./execute_sim20 5000 1 1 0. 10 1 0 34.13520 0.05000 1
./execute_sim20 5000 1 1 0. 10 1 0 34.84630 0.05000 1
./execute_sim20 5000 1 1 0. 10 1 0 35.55750 0.05000 1
./execute_sim20 5000 1 1 0. 10 1 0 22.04560 0.10000 1
./execute_sim20 5000 1 1 0. 10 1 0 22.75680 0.10000 1
./execute_sim20 5000 1 1 0. 10 1 0 23.46790 0.10000 1
./execute_sim20 5000 1 1 0. 10 1 0 24.17910 0.10000 1
./execute_sim20 5000 1 1 0. 10 1 0 24.89020 0.10000 1
./execute_sim20 5000 1 1 0. 10 1 0 25.60140 0.10000 1
./execute_sim20 5000 1 1 0. 10 1 0 26.31250 0.10000 1
./execute_sim20 5000 1 1 0. 10 1 0 27.02370 0.10000 1
./execute_sim20 5000 1 1 0. 10 1 0 27.73480 0.10000 1
./execute_sim20 5000 1 1 0. 10 1 0 28.44600 0.10000 1
./execute_sim20 5000 1 1 0. 10 1 0 29.15710 0.10000 1
./execute_sim20 5000 1 1 0. 10 1 0 29.86830 0.10000 1
./execute_sim20 5000 1 1 0. 10 1 0 30.57940 0.10000 1
./execute_sim20 5000 1 1 0. 10 1 0 31.29060 0.10000 1
./execute_sim20 5000 1 1 0. 10 1 0 32.00170 0.10000 1
./execute_sim20 5000 1 1 0. 10 1 0 32.71290 0.10000 1
./execute_sim20 5000 1 1 0. 10 1 0 33.42400 0.10000 1
./execute_sim20 5000 1 1 0. 10 1 0 34.13520 0.10000 1
./execute_sim20 5000 1 1 0. 10 1 0 34.84630 0.10000 1
./execute_sim20 5000 1 1 0. 10 1 0 35.55750 0.10000 1
./execute_sim20 5000 1 1 0. 10 1 0 22.04560 0.15000 1
./execute_sim20 5000 1 1 0. 10 1 0 22.75680 0.15000 1
./execute_sim20 5000 1 1 0. 10 1 0 23.46790 0.15000 1
./execute_sim20 5000 1 1 0. 10 1 0 24.17910 0.15000 1
./execute_sim20 5000 1 1 0. 10 1 0 24.89020 0.15000 1
./execute_sim20 5000 1 1 0. 10 1 0 25.60140 0.15000 1
./execute_sim20 5000 1 1 0. 10 1 0 26.31250 0.15000 1
./execute_sim20 5000 1 1 0. 10 1 0 27.02370 0.15000 1
./execute_sim20 5000 1 1 0. 10 1 0 27.73480 0.15000 1
./execute_sim20 5000 1 1 0. 10 1 0 28.44600 0.15000 1
./execute_sim20 5000 1 1 0. 10 1 0 29.15710 0.15000 1
./execute_sim20 5000 1 1 0. 10 1 0 29.86830 0.15000 1
./execute_sim20 5000 1 1 0. 10 1 0 30.57940 0.15000 1
./execute_sim20 5000 1 1 0. 10 1 0 31.29060 0.15000 1
./execute_sim20 5000 1 1 0. 10 1 0 32.00170 0.15000 1
./execute_sim20 5000 1 1 0. 10 1 0 32.71290 0.15000 1
./execute_sim20 5000 1 1 0. 10 1 0 33.42400 0.15000 1
./execute_sim20 5000 1 1 0. 10 1 0 34.13520 0.15000 1
./execute_sim20 5000 1 1 0. 10 1 0 34.84630 0.15000 1
./execute_sim20 5000 1 1 0. 10 1 0 35.55750 0.15000 1
./execute_sim20 5000 1 1 0. 10 1 0 22.04560 0.20000 1
./execute_sim20 5000 1 1 0. 10 1 0 22.75680 0.20000 1
./execute_sim20 5000 1 1 0. 10 1 0 23.46790 0.20000 1
./execute_sim20 5000 1 1 0. 10 1 0 24.17910 0.20000 1
./execute_sim20 5000 1 1 0. 10 1 0 24.89020 0.20000 1
./execute_sim20 5000 1 1 0. 10 1 0 25.60140 0.20000 1
./execute_sim20 5000 1 1 0. 10 1 0 26.31250 0.20000 1
./execute_sim20 5000 1 1 0. 10 1 0 27.02370 0.20000 1
./execute_sim20 5000 1 1 0. 10 1 0 27.73480 0.20000 1
./execute_sim20 5000 1 1 0. 10 1 0 28.44600 0.20000 1
./execute_sim20 5000 1 1 0. 10 1 0 29.15710 0.20000 1
./execute_sim20 5000 1 1 0. 10 1 0 29.86830 0.20000 1
./execute_sim20 5000 1 1 0. 10 1 0 30.57940 0.20000 1
./execute_sim20 5000 1 1 0. 10 1 0 31.29060 0.20000 1
./execute_sim20 5000 1 1 0. 10 1 0 32.00170 0.20000 1
./execute_sim20 5000 1 1 0. 10 1 0 32.71290 0.20000 1
./execute_sim20 5000 1 1 0. 10 1 0 33.42400 0.20000 1
./execute_sim20 5000 1 1 0. 10 1 0 34.13520 0.20000 1
./execute_sim20 5000 1 1 0. 10 1 0 34.84630 0.20000 1
./execute_sim20 5000 1 1 0. 10 1 0 35.55750 0.20000 1
./execute_sim20 5000 1 1 0. 10 1 0 22.04560 0.25000 1
./execute_sim20 5000 1 1 0. 10 1 0 22.75680 0.25000 1
./execute_sim20 5000 1 1 0. 10 1 0 23.46790 0.25000 1
./execute_sim20 5000 1 1 0. 10 1 0 24.17910 0.25000 1
./execute_sim20 5000 1 1 0. 10 1 0 24.89020 0.25000 1
./execute_sim20 5000 1 1 0. 10 1 0 25.60140 0.25000 1
./execute_sim20 5000 1 1 0. 10 1 0 26.31250 0.25000 1
./execute_sim20 5000 1 1 0. 10 1 0 27.02370 0.25000 1
./execute_sim20 5000 1 1 0. 10 1 0 27.73480 0.25000 1
./execute_sim20 5000 1 1 0. 10 1 0 28.44600 0.25000 1
./execute_sim20 5000 1 1 0. 10 1 0 29.15710 0.25000 1
./execute_sim20 5000 1 1 0. 10 1 0 29.86830 0.25000 1
./execute_sim20 5000 1 1 0. 10 1 0 30.57940 0.25000 1
./execute_sim20 5000 1 1 0. 10 1 0 31.29060 0.25000 1
./execute_sim20 5000 1 1 0. 10 1 0 32.00170 0.25000 1
./execute_sim20 5000 1 1 0. 10 1 0 32.71290 0.25000 1
./execute_sim20 5000 1 1 0. 10 1 0 33.42400 0.25000 1
./execute_sim20 5000 1 1 0. 10 1 0 34.13520 0.25000 1
./execute_sim20 5000 1 1 0. 10 1 0 34.84630 0.25000 1
./execute_sim20 5000 1 1 0. 10 1 0 35.55750 0.25000 1
./execute_sim20 5000 1 1 0. 10 1 0 22.04560 0.30000 1
./execute_sim20 5000 1 1 0. 10 1 0 22.75680 0.30000 1
./execute_sim20 5000 1 1 0. 10 1 0 23.46790 0.30000 1
./execute_sim20 5000 1 1 0. 10 1 0 24.17910 0.30000 1
./execute_sim20 5000 1 1 0. 10 1 0 24.89020 0.30000 1
./execute_sim20 5000 1 1 0. 10 1 0 25.60140 0.30000 1
./execute_sim20 5000 1 1 0. 10 1 0 26.31250 0.30000 1
./execute_sim20 5000 1 1 0. 10 1 0 27.02370 0.30000 1
./execute_sim20 5000 1 1 0. 10 1 0 27.73480 0.30000 1
./execute_sim20 5000 1 1 0. 10 1 0 28.44600 0.30000 1
./execute_sim20 5000 1 1 0. 10 1 0 29.15710 0.30000 1
./execute_sim20 5000 1 1 0. 10 1 0 29.86830 0.30000 1
./execute_sim20 5000 1 1 0. 10 1 0 30.57940 0.30000 1
./execute_sim20 5000 1 1 0. 10 1 0 31.29060 0.30000 1
./execute_sim20 5000 1 1 0. 10 1 0 32.00170 0.30000 1
./execute_sim20 5000 1 1 0. 10 1 0 32.71290 0.30000 1
./execute_sim20 5000 1 1 0. 10 1 0 33.42400 0.30000 1
./execute_sim20 5000 1 1 0. 10 1 0 34.13520 0.30000 1
./execute_sim20 5000 1 1 0. 10 1 0 34.84630 0.30000 1
./execute_sim20 5000 1 1 0. 10 1 0 35.55750 0.30000 1
./execute_sim20 5000 1 1 0. 10 1 0 22.04560 0.35000 1
./execute_sim20 5000 1 1 0. 10 1 0 22.75680 0.35000 1
./execute_sim20 5000 1 1 0. 10 1 0 23.46790 0.35000 1
./execute_sim20 5000 1 1 0. 10 1 0 24.17910 0.35000 1
./execute_sim20 5000 1 1 0. 10 1 0 24.89020 0.35000 1
./execute_sim20 5000 1 1 0. 10 1 0 25.60140 0.35000 1
./execute_sim20 5000 1 1 0. 10 1 0 26.31250 0.35000 1
./execute_sim20 5000 1 1 0. 10 1 0 27.02370 0.35000 1
./execute_sim20 5000 1 1 0. 10 1 0 27.73480 0.35000 1
./execute_sim20 5000 1 1 0. 10 1 0 28.44600 0.35000 1
./execute_sim20 5000 1 1 0. 10 1 0 29.15710 0.35000 1
./execute_sim20 5000 1 1 0. 10 1 0 29.86830 0.35000 1
./execute_sim20 5000 1 1 0. 10 1 0 30.57940 0.35000 1
./execute_sim20 5000 1 1 0. 10 1 0 31.29060 0.35000 1
./execute_sim20 5000 1 1 0. 10 1 0 32.00170 0.35000 1
./execute_sim20 5000 1 1 0. 10 1 0 32.71290 0.35000 1
./execute_sim20 5000 1 1 0. 10 1 0 33.42400 0.35000 1
./execute_sim20 5000 1 1 0. 10 1 0 34.13520 0.35000 1
./execute_sim20 5000 1 1 0. 10 1 0 34.84630 0.35000 1
./execute_sim20 5000 1 1 0. 10 1 0 35.55750 0.35000 1
./execute_sim20 5000 1 1 0. 10 1 0 22.04560 0.40000 1
./execute_sim20 5000 1 1 0. 10 1 0 22.75680 0.40000 1
./execute_sim20 5000 1 1 0. 10 1 0 23.46790 0.40000 1
./execute_sim20 5000 1 1 0. 10 1 0 24.17910 0.40000 1
./execute_sim20 5000 1 1 0. 10 1 0 24.89020 0.40000 1
./execute_sim20 5000 1 1 0. 10 1 0 25.60140 0.40000 1
./execute_sim20 5000 1 1 0. 10 1 0 26.31250 0.40000 1
./execute_sim20 5000 1 1 0. 10 1 0 27.02370 0.40000 1
./execute_sim20 5000 1 1 0. 10 1 0 27.73480 0.40000 1
./execute_sim20 5000 1 1 0. 10 1 0 28.44600 0.40000 1
./execute_sim20 5000 1 1 0. 10 1 0 29.15710 0.40000 1
./execute_sim20 5000 1 1 0. 10 1 0 29.86830 0.40000 1
./execute_sim20 5000 1 1 0. 10 1 0 30.57940 0.40000 1
./execute_sim20 5000 1 1 0. 10 1 0 31.29060 0.40000 1
./execute_sim20 5000 1 1 0. 10 1 0 32.00170 0.40000 1
./execute_sim20 5000 1 1 0. 10 1 0 32.71290 0.40000 1
./execute_sim20 5000 1 1 0. 10 1 0 33.42400 0.40000 1
./execute_sim20 5000 1 1 0. 10 1 0 34.13520 0.40000 1
./execute_sim20 5000 1 1 0. 10 1 0 34.84630 0.40000 1
./execute_sim20 5000 1 1 0. 10 1 0 35.55750 0.40000 1
./execute_sim20 5000 1 1 0. 10 1 0 22.04560 0.45000 1
./execute_sim20 5000 1 1 0. 10 1 0 22.75680 0.45000 1
./execute_sim20 5000 1 1 0. 10 1 0 23.46790 0.45000 1
./execute_sim20 5000 1 1 0. 10 1 0 24.17910 0.45000 1
./execute_sim20 5000 1 1 0. 10 1 0 24.89020 0.45000 1
./execute_sim20 5000 1 1 0. 10 1 0 25.60140 0.45000 1
./execute_sim20 5000 1 1 0. 10 1 0 26.31250 0.45000 1
./execute_sim20 5000 1 1 0. 10 1 0 27.02370 0.45000 1
./execute_sim20 5000 1 1 0. 10 1 0 27.73480 0.45000 1
./execute_sim20 5000 1 1 0. 10 1 0 28.44600 0.45000 1
./execute_sim20 5000 1 1 0. 10 1 0 29.15710 0.45000 1
./execute_sim20 5000 1 1 0. 10 1 0 29.86830 0.45000 1
./execute_sim20 5000 1 1 0. 10 1 0 30.57940 0.45000 1
./execute_sim20 5000 1 1 0. 10 1 0 31.29060 0.45000 1
./execute_sim20 5000 1 1 0. 10 1 0 32.00170 0.45000 1
./execute_sim20 5000 1 1 0. 10 1 0 32.71290 0.45000 1
./execute_sim20 5000 1 1 0. 10 1 0 33.42400 0.45000 1
./execute_sim20 5000 1 1 0. 10 1 0 34.13520 0.45000 1
./execute_sim20 5000 1 1 0. 10 1 0 34.84630 0.45000 1
./execute_sim20 5000 1 1 0. 10 1 0 35.55750 0.45000 1
./execute_sim20 5000 1 1 0. 10 1 0 22.04560 0.50000 1
./execute_sim20 5000 1 1 0. 10 1 0 22.75680 0.50000 1
./execute_sim20 5000 1 1 0. 10 1 0 23.46790 0.50000 1
./execute_sim20 5000 1 1 0. 10 1 0 24.17910 0.50000 1
./execute_sim20 5000 1 1 0. 10 1 0 24.89020 0.50000 1
./execute_sim20 5000 1 1 0. 10 1 0 25.60140 0.50000 1
./execute_sim20 5000 1 1 0. 10 1 0 26.31250 0.50000 1
./execute_sim20 5000 1 1 0. 10 1 0 27.02370 0.50000 1
./execute_sim20 5000 1 1 0. 10 1 0 27.73480 0.50000 1
./execute_sim20 5000 1 1 0. 10 1 0 28.44600 0.50000 1
./execute_sim20 5000 1 1 0. 10 1 0 29.15710 0.50000 1
./execute_sim20 5000 1 1 0. 10 1 0 29.86830 0.50000 1
./execute_sim20 5000 1 1 0. 10 1 0 30.57940 0.50000 1
./execute_sim20 5000 1 1 0. 10 1 0 31.29060 0.50000 1
./execute_sim20 5000 1 1 0. 10 1 0 32.00170 0.50000 1
./execute_sim20 5000 1 1 0. 10 1 0 32.71290 0.50000 1
./execute_sim20 5000 1 1 0. 10 1 0 33.42400 0.50000 1
./execute_sim20 5000 1 1 0. 10 1 0 34.13520 0.50000 1
./execute_sim20 5000 1 1 0. 10 1 0 34.84630 0.50000 1
./execute_sim20 5000 1 1 0. 10 1 0 35.55750 0.50000 1
./execute_sim20 5000 1 1 0. 10 1 0 22.04560 0.55000 1
./execute_sim20 5000 1 1 0. 10 1 0 22.75680 0.55000 1
./execute_sim20 5000 1 1 0. 10 1 0 23.46790 0.55000 1
./execute_sim20 5000 1 1 0. 10 1 0 24.17910 0.55000 1
./execute_sim20 5000 1 1 0. 10 1 0 24.89020 0.55000 1
./execute_sim20 5000 1 1 0. 10 1 0 25.60140 0.55000 1
./execute_sim20 5000 1 1 0. 10 1 0 26.31250 0.55000 1
./execute_sim20 5000 1 1 0. 10 1 0 27.02370 0.55000 1
./execute_sim20 5000 1 1 0. 10 1 0 27.73480 0.55000 1
./execute_sim20 5000 1 1 0. 10 1 0 28.44600 0.55000 1
./execute_sim20 5000 1 1 0. 10 1 0 29.15710 0.55000 1
./execute_sim20 5000 1 1 0. 10 1 0 29.86830 0.55000 1
./execute_sim20 5000 1 1 0. 10 1 0 30.57940 0.55000 1
./execute_sim20 5000 1 1 0. 10 1 0 31.29060 0.55000 1
./execute_sim20 5000 1 1 0. 10 1 0 32.00170 0.55000 1
./execute_sim20 5000 1 1 0. 10 1 0 32.71290 0.55000 1
./execute_sim20 5000 1 1 0. 10 1 0 33.42400 0.55000 1
./execute_sim20 5000 1 1 0. 10 1 0 34.13520 0.55000 1
./execute_sim20 5000 1 1 0. 10 1 0 34.84630 0.55000 1
./execute_sim20 5000 1 1 0. 10 1 0 35.55750 0.55000 1
./execute_sim20 5000 1 1 0. 10 1 0 22.04560 0.60000 1
./execute_sim20 5000 1 1 0. 10 1 0 22.75680 0.60000 1
./execute_sim20 5000 1 1 0. 10 1 0 23.46790 0.60000 1
./execute_sim20 5000 1 1 0. 10 1 0 24.17910 0.60000 1
./execute_sim20 5000 1 1 0. 10 1 0 24.89020 0.60000 1
./execute_sim20 5000 1 1 0. 10 1 0 25.60140 0.60000 1
./execute_sim20 5000 1 1 0. 10 1 0 26.31250 0.60000 1
./execute_sim20 5000 1 1 0. 10 1 0 27.02370 0.60000 1
./execute_sim20 5000 1 1 0. 10 1 0 27.73480 0.60000 1
./execute_sim20 5000 1 1 0. 10 1 0 28.44600 0.60000 1
./execute_sim20 5000 1 1 0. 10 1 0 29.15710 0.60000 1
./execute_sim20 5000 1 1 0. 10 1 0 29.86830 0.60000 1
./execute_sim20 5000 1 1 0. 10 1 0 30.57940 0.60000 1
./execute_sim20 5000 1 1 0. 10 1 0 31.29060 0.60000 1
./execute_sim20 5000 1 1 0. 10 1 0 32.00170 0.60000 1
./execute_sim20 5000 1 1 0. 10 1 0 32.71290 0.60000 1
./execute_sim20 5000 1 1 0. 10 1 0 33.42400 0.60000 1
./execute_sim20 5000 1 1 0. 10 1 0 34.13520 0.60000 1
./execute_sim20 5000 1 1 0. 10 1 0 34.84630 0.60000 1
./execute_sim20 5000 1 1 0. 10 1 0 35.55750 0.60000 1
./execute_sim20 5000 1 1 0. 10 1 0 22.04560 0.65000 1
./execute_sim20 5000 1 1 0. 10 1 0 22.75680 0.65000 1
./execute_sim20 5000 1 1 0. 10 1 0 23.46790 0.65000 1
./execute_sim20 5000 1 1 0. 10 1 0 24.17910 0.65000 1
./execute_sim20 5000 1 1 0. 10 1 0 24.89020 0.65000 1
./execute_sim20 5000 1 1 0. 10 1 0 25.60140 0.65000 1
./execute_sim20 5000 1 1 0. 10 1 0 26.31250 0.65000 1
./execute_sim20 5000 1 1 0. 10 1 0 27.02370 0.65000 1
./execute_sim20 5000 1 1 0. 10 1 0 27.73480 0.65000 1
./execute_sim20 5000 1 1 0. 10 1 0 28.44600 0.65000 1
./execute_sim20 5000 1 1 0. 10 1 0 29.15710 0.65000 1
./execute_sim20 5000 1 1 0. 10 1 0 29.86830 0.65000 1
./execute_sim20 5000 1 1 0. 10 1 0 30.57940 0.65000 1
./execute_sim20 5000 1 1 0. 10 1 0 31.29060 0.65000 1
./execute_sim20 5000 1 1 0. 10 1 0 32.00170 0.65000 1
./execute_sim20 5000 1 1 0. 10 1 0 32.71290 0.65000 1
./execute_sim20 5000 1 1 0. 10 1 0 33.42400 0.65000 1
./execute_sim20 5000 1 1 0. 10 1 0 34.13520 0.65000 1
./execute_sim20 5000 1 1 0. 10 1 0 34.84630 0.65000 1
./execute_sim20 5000 1 1 0. 10 1 0 35.55750 0.65000 1
./execute_sim20 5000 1 1 0. 10 1 0 22.04560 0.70000 1
./execute_sim20 5000 1 1 0. 10 1 0 22.75680 0.70000 1
./execute_sim20 5000 1 1 0. 10 1 0 23.46790 0.70000 1
./execute_sim20 5000 1 1 0. 10 1 0 24.17910 0.70000 1
./execute_sim20 5000 1 1 0. 10 1 0 24.89020 0.70000 1
./execute_sim20 5000 1 1 0. 10 1 0 25.60140 0.70000 1
./execute_sim20 5000 1 1 0. 10 1 0 26.31250 0.70000 1
./execute_sim20 5000 1 1 0. 10 1 0 27.02370 0.70000 1
./execute_sim20 5000 1 1 0. 10 1 0 27.73480 0.70000 1
./execute_sim20 5000 1 1 0. 10 1 0 28.44600 0.70000 1
./execute_sim20 5000 1 1 0. 10 1 0 29.15710 0.70000 1
./execute_sim20 5000 1 1 0. 10 1 0 29.86830 0.70000 1
./execute_sim20 5000 1 1 0. 10 1 0 30.57940 0.70000 1
./execute_sim20 5000 1 1 0. 10 1 0 31.29060 0.70000 1
./execute_sim20 5000 1 1 0. 10 1 0 32.00170 0.70000 1
./execute_sim20 5000 1 1 0. 10 1 0 32.71290 0.70000 1
./execute_sim20 5000 1 1 0. 10 1 0 33.42400 0.70000 1
./execute_sim20 5000 1 1 0. 10 1 0 34.13520 0.70000 1
./execute_sim20 5000 1 1 0. 10 1 0 34.84630 0.70000 1
./execute_sim20 5000 1 1 0. 10 1 0 35.55750 0.70000 1
./execute_sim20 5000 1 1 0. 10 1 0 22.04560 0.75000 1
./execute_sim20 5000 1 1 0. 10 1 0 22.75680 0.75000 1
./execute_sim20 5000 1 1 0. 10 1 0 23.46790 0.75000 1
./execute_sim20 5000 1 1 0. 10 1 0 24.17910 0.75000 1
./execute_sim20 5000 1 1 0. 10 1 0 24.89020 0.75000 1
./execute_sim20 5000 1 1 0. 10 1 0 25.60140 0.75000 1
./execute_sim20 5000 1 1 0. 10 1 0 26.31250 0.75000 1
./execute_sim20 5000 1 1 0. 10 1 0 27.02370 0.75000 1
./execute_sim20 5000 1 1 0. 10 1 0 27.73480 0.75000 1
./execute_sim20 5000 1 1 0. 10 1 0 28.44600 0.75000 1
./execute_sim20 5000 1 1 0. 10 1 0 29.15710 0.75000 1
./execute_sim20 5000 1 1 0. 10 1 0 29.86830 0.75000 1
./execute_sim20 5000 1 1 0. 10 1 0 30.57940 0.75000 1
./execute_sim20 5000 1 1 0. 10 1 0 31.29060 0.75000 1
./execute_sim20 5000 1 1 0. 10 1 0 32.00170 0.75000 1
./execute_sim20 5000 1 1 0. 10 1 0 32.71290 0.75000 1
./execute_sim20 5000 1 1 0. 10 1 0 33.42400 0.75000 1
./execute_sim20 5000 1 1 0. 10 1 0 34.13520 0.75000 1
./execute_sim20 5000 1 1 0. 10 1 0 34.84630 0.75000 1
./execute_sim20 5000 1 1 0. 10 1 0 35.55750 0.75000 1
./execute_sim20 5000 1 1 0. 10 1 0 22.04560 0.80000 1
./execute_sim20 5000 1 1 0. 10 1 0 22.75680 0.80000 1
./execute_sim20 5000 1 1 0. 10 1 0 23.46790 0.80000 1
./execute_sim20 5000 1 1 0. 10 1 0 24.17910 0.80000 1
./execute_sim20 5000 1 1 0. 10 1 0 24.89020 0.80000 1
./execute_sim20 5000 1 1 0. 10 1 0 25.60140 0.80000 1
./execute_sim20 5000 1 1 0. 10 1 0 26.31250 0.80000 1
./execute_sim20 5000 1 1 0. 10 1 0 27.02370 0.80000 1
./execute_sim20 5000 1 1 0. 10 1 0 27.73480 0.80000 1
./execute_sim20 5000 1 1 0. 10 1 0 28.44600 0.80000 1
./execute_sim20 5000 1 1 0. 10 1 0 29.15710 0.80000 1
./execute_sim20 5000 1 1 0. 10 1 0 29.86830 0.80000 1
./execute_sim20 5000 1 1 0. 10 1 0 30.57940 0.80000 1
./execute_sim20 5000 1 1 0. 10 1 0 31.29060 0.80000 1
./execute_sim20 5000 1 1 0. 10 1 0 32.00170 0.80000 1
./execute_sim20 5000 1 1 0. 10 1 0 32.71290 0.80000 1
./execute_sim20 5000 1 1 0. 10 1 0 33.42400 0.80000 1
./execute_sim20 5000 1 1 0. 10 1 0 34.13520 0.80000 1
./execute_sim20 5000 1 1 0. 10 1 0 34.84630 0.80000 1
./execute_sim20 5000 1 1 0. 10 1 0 35.55750 0.80000 1
./execute_sim20 5000 1 1 0. 10 1 0 22.04560 0.85000 1
./execute_sim20 5000 1 1 0. 10 1 0 22.75680 0.85000 1
./execute_sim20 5000 1 1 0. 10 1 0 23.46790 0.85000 1
./execute_sim20 5000 1 1 0. 10 1 0 24.17910 0.85000 1
./execute_sim20 5000 1 1 0. 10 1 0 24.89020 0.85000 1
./execute_sim20 5000 1 1 0. 10 1 0 25.60140 0.85000 1
./execute_sim20 5000 1 1 0. 10 1 0 26.31250 0.85000 1
./execute_sim20 5000 1 1 0. 10 1 0 27.02370 0.85000 1
./execute_sim20 5000 1 1 0. 10 1 0 27.73480 0.85000 1
./execute_sim20 5000 1 1 0. 10 1 0 28.44600 0.85000 1
./execute_sim20 5000 1 1 0. 10 1 0 29.15710 0.85000 1
./execute_sim20 5000 1 1 0. 10 1 0 29.86830 0.85000 1
./execute_sim20 5000 1 1 0. 10 1 0 30.57940 0.85000 1
./execute_sim20 5000 1 1 0. 10 1 0 31.29060 0.85000 1
./execute_sim20 5000 1 1 0. 10 1 0 32.00170 0.85000 1
./execute_sim20 5000 1 1 0. 10 1 0 32.71290 0.85000 1
./execute_sim20 5000 1 1 0. 10 1 0 33.42400 0.85000 1
./execute_sim20 5000 1 1 0. 10 1 0 34.13520 0.85000 1
./execute_sim20 5000 1 1 0. 10 1 0 34.84630 0.85000 1
./execute_sim20 5000 1 1 0. 10 1 0 35.55750 0.85000 1
./execute_sim20 5000 1 1 0. 10 1 0 22.04560 0.90000 1
./execute_sim20 5000 1 1 0. 10 1 0 22.75680 0.90000 1
./execute_sim20 5000 1 1 0. 10 1 0 23.46790 0.90000 1
./execute_sim20 5000 1 1 0. 10 1 0 24.17910 0.90000 1
./execute_sim20 5000 1 1 0. 10 1 0 24.89020 0.90000 1
./execute_sim20 5000 1 1 0. 10 1 0 25.60140 0.90000 1
./execute_sim20 5000 1 1 0. 10 1 0 26.31250 0.90000 1
./execute_sim20 5000 1 1 0. 10 1 0 27.02370 0.90000 1
./execute_sim20 5000 1 1 0. 10 1 0 27.73480 0.90000 1
./execute_sim20 5000 1 1 0. 10 1 0 28.44600 0.90000 1
./execute_sim20 5000 1 1 0. 10 1 0 29.15710 0.90000 1
./execute_sim20 5000 1 1 0. 10 1 0 29.86830 0.90000 1
./execute_sim20 5000 1 1 0. 10 1 0 30.57940 0.90000 1
./execute_sim20 5000 1 1 0. 10 1 0 31.29060 0.90000 1
./execute_sim20 5000 1 1 0. 10 1 0 32.00170 0.90000 1
./execute_sim20 5000 1 1 0. 10 1 0 32.71290 0.90000 1
./execute_sim20 5000 1 1 0. 10 1 0 33.42400 0.90000 1
./execute_sim20 5000 1 1 0. 10 1 0 34.13520 0.90000 1
./execute_sim20 5000 1 1 0. 10 1 0 34.84630 0.90000 1
./execute_sim20 5000 1 1 0. 10 1 0 35.55750 0.90000 1
./execute_sim20 5000 1 1 0. 10 1 0 22.04560 0.95000 1
./execute_sim20 5000 1 1 0. 10 1 0 22.75680 0.95000 1
./execute_sim20 5000 1 1 0. 10 1 0 23.46790 0.95000 1
./execute_sim20 5000 1 1 0. 10 1 0 24.17910 0.95000 1
./execute_sim20 5000 1 1 0. 10 1 0 24.89020 0.95000 1
./execute_sim20 5000 1 1 0. 10 1 0 25.60140 0.95000 1
./execute_sim20 5000 1 1 0. 10 1 0 26.31250 0.95000 1
./execute_sim20 5000 1 1 0. 10 1 0 27.02370 0.95000 1
./execute_sim20 5000 1 1 0. 10 1 0 27.73480 0.95000 1
./execute_sim20 5000 1 1 0. 10 1 0 28.44600 0.95000 1
./execute_sim20 5000 1 1 0. 10 1 0 29.15710 0.95000 1
./execute_sim20 5000 1 1 0. 10 1 0 29.86830 0.95000 1
./execute_sim20 5000 1 1 0. 10 1 0 30.57940 0.95000 1
./execute_sim20 5000 1 1 0. 10 1 0 31.29060 0.95000 1
./execute_sim20 5000 1 1 0. 10 1 0 32.00170 0.95000 1
./execute_sim20 5000 1 1 0. 10 1 0 32.71290 0.95000 1
./execute_sim20 5000 1 1 0. 10 1 0 33.42400 0.95000 1
./execute_sim20 5000 1 1 0. 10 1 0 34.13520 0.95000 1
./execute_sim20 5000 1 1 0. 10 1 0 34.84630 0.95000 1
./execute_sim20 5000 1 1 0. 10 1 0 35.55750 0.95000 1
./execute_sim20 5000 1 1 0. 10 1 0 22.04560 1.00000 1
./execute_sim20 5000 1 1 0. 10 1 0 22.75680 1.00000 1
./execute_sim20 5000 1 1 0. 10 1 0 23.46790 1.00000 1
./execute_sim20 5000 1 1 0. 10 1 0 24.17910 1.00000 1
./execute_sim20 5000 1 1 0. 10 1 0 24.89020 1.00000 1
./execute_sim20 5000 1 1 0. 10 1 0 25.60140 1.00000 1
./execute_sim20 5000 1 1 0. 10 1 0 26.31250 1.00000 1
./execute_sim20 5000 1 1 0. 10 1 0 27.02370 1.00000 1
./execute_sim20 5000 1 1 0. 10 1 0 27.73480 1.00000 1
./execute_sim20 5000 1 1 0. 10 1 0 28.44600 1.00000 1
./execute_sim20 5000 1 1 0. 10 1 0 29.15710 1.00000 1
./execute_sim20 5000 1 1 0. 10 1 0 29.86830 1.00000 1
./execute_sim20 5000 1 1 0. 10 1 0 30.57940 1.00000 1
./execute_sim20 5000 1 1 0. 10 1 0 31.29060 1.00000 1
./execute_sim20 5000 1 1 0. 10 1 0 32.00170 1.00000 1
./execute_sim20 5000 1 1 0. 10 1 0 32.71290 1.00000 1
./execute_sim20 5000 1 1 0. 10 1 0 33.42400 1.00000 1
./execute_sim20 5000 1 1 0. 10 1 0 34.13520 1.00000 1
./execute_sim20 5000 1 1 0. 10 1 0 34.84630 1.00000 1
./execute_sim20 5000 1 1 0. 10 1 0 35.55750 1.00000 1
./execute_sim20 5000 1 1 0. 10 1 0 22.04560 1.05000 1
./execute_sim20 5000 1 1 0. 10 1 0 22.75680 1.05000 1
./execute_sim20 5000 1 1 0. 10 1 0 23.46790 1.05000 1
./execute_sim20 5000 1 1 0. 10 1 0 24.17910 1.05000 1
./execute_sim20 5000 1 1 0. 10 1 0 24.89020 1.05000 1
./execute_sim20 5000 1 1 0. 10 1 0 25.60140 1.05000 1
./execute_sim20 5000 1 1 0. 10 1 0 26.31250 1.05000 1
./execute_sim20 5000 1 1 0. 10 1 0 27.02370 1.05000 1
./execute_sim20 5000 1 1 0. 10 1 0 27.73480 1.05000 1
./execute_sim20 5000 1 1 0. 10 1 0 28.44600 1.05000 1
./execute_sim20 5000 1 1 0. 10 1 0 29.15710 1.05000 1
./execute_sim20 5000 1 1 0. 10 1 0 29.86830 1.05000 1
./execute_sim20 5000 1 1 0. 10 1 0 30.57940 1.05000 1
./execute_sim20 5000 1 1 0. 10 1 0 31.29060 1.05000 1
./execute_sim20 5000 1 1 0. 10 1 0 32.00170 1.05000 1
./execute_sim20 5000 1 1 0. 10 1 0 32.71290 1.05000 1
./execute_sim20 5000 1 1 0. 10 1 0 33.42400 1.05000 1
./execute_sim20 5000 1 1 0. 10 1 0 34.13520 1.05000 1
./execute_sim20 5000 1 1 0. 10 1 0 34.84630 1.05000 1
./execute_sim20 5000 1 1 0. 10 1 0 35.55750 1.05000 1
./execute_sim20 5000 1 1 0. 10 1 0 22.04560 1.10000 1
./execute_sim20 5000 1 1 0. 10 1 0 22.75680 1.10000 1
./execute_sim20 5000 1 1 0. 10 1 0 23.46790 1.10000 1
./execute_sim20 5000 1 1 0. 10 1 0 24.17910 1.10000 1
./execute_sim20 5000 1 1 0. 10 1 0 24.89020 1.10000 1
./execute_sim20 5000 1 1 0. 10 1 0 25.60140 1.10000 1
./execute_sim20 5000 1 1 0. 10 1 0 26.31250 1.10000 1
./execute_sim20 5000 1 1 0. 10 1 0 27.02370 1.10000 1
./execute_sim20 5000 1 1 0. 10 1 0 27.73480 1.10000 1
./execute_sim20 5000 1 1 0. 10 1 0 28.44600 1.10000 1
./execute_sim20 5000 1 1 0. 10 1 0 29.15710 1.10000 1
./execute_sim20 5000 1 1 0. 10 1 0 29.86830 1.10000 1
./execute_sim20 5000 1 1 0. 10 1 0 30.57940 1.10000 1
./execute_sim20 5000 1 1 0. 10 1 0 31.29060 1.10000 1
./execute_sim20 5000 1 1 0. 10 1 0 32.00170 1.10000 1
./execute_sim20 5000 1 1 0. 10 1 0 32.71290 1.10000 1
./execute_sim20 5000 1 1 0. 10 1 0 33.42400 1.10000 1
./execute_sim20 5000 1 1 0. 10 1 0 34.13520 1.10000 1
./execute_sim20 5000 1 1 0. 10 1 0 34.84630 1.10000 1
./execute_sim20 5000 1 1 0. 10 1 0 35.55750 1.10000 1
./execute_sim20 5000 1 1 0. 10 1 0 22.04560 1.15000 1
./execute_sim20 5000 1 1 0. 10 1 0 22.75680 1.15000 1
./execute_sim20 5000 1 1 0. 10 1 0 23.46790 1.15000 1
./execute_sim20 5000 1 1 0. 10 1 0 24.17910 1.15000 1
./execute_sim20 5000 1 1 0. 10 1 0 24.89020 1.15000 1
./execute_sim20 5000 1 1 0. 10 1 0 25.60140 1.15000 1
./execute_sim20 5000 1 1 0. 10 1 0 26.31250 1.15000 1
./execute_sim20 5000 1 1 0. 10 1 0 27.02370 1.15000 1
./execute_sim20 5000 1 1 0. 10 1 0 27.73480 1.15000 1
./execute_sim20 5000 1 1 0. 10 1 0 28.44600 1.15000 1
./execute_sim20 5000 1 1 0. 10 1 0 29.15710 1.15000 1
./execute_sim20 5000 1 1 0. 10 1 0 29.86830 1.15000 1
./execute_sim20 5000 1 1 0. 10 1 0 30.57940 1.15000 1
./execute_sim20 5000 1 1 0. 10 1 0 31.29060 1.15000 1
./execute_sim20 5000 1 1 0. 10 1 0 32.00170 1.15000 1
./execute_sim20 5000 1 1 0. 10 1 0 32.71290 1.15000 1
./execute_sim20 5000 1 1 0. 10 1 0 33.42400 1.15000 1
./execute_sim20 5000 1 1 0. 10 1 0 34.13520 1.15000 1
./execute_sim20 5000 1 1 0. 10 1 0 34.84630 1.15000 1
./execute_sim20 5000 1 1 0. 10 1 0 35.55750 1.15000 1
./execute_sim20 5000 1 1 0. 10 1 0 22.04560 1.20000 1
./execute_sim20 5000 1 1 0. 10 1 0 22.75680 1.20000 1
./execute_sim20 5000 1 1 0. 10 1 0 23.46790 1.20000 1
./execute_sim20 5000 1 1 0. 10 1 0 24.17910 1.20000 1
./execute_sim20 5000 1 1 0. 10 1 0 24.89020 1.20000 1
./execute_sim20 5000 1 1 0. 10 1 0 25.60140 1.20000 1
./execute_sim20 5000 1 1 0. 10 1 0 26.31250 1.20000 1
./execute_sim20 5000 1 1 0. 10 1 0 27.02370 1.20000 1
./execute_sim20 5000 1 1 0. 10 1 0 27.73480 1.20000 1
./execute_sim20 5000 1 1 0. 10 1 0 28.44600 1.20000 1
./execute_sim20 5000 1 1 0. 10 1 0 29.15710 1.20000 1
./execute_sim20 5000 1 1 0. 10 1 0 29.86830 1.20000 1
./execute_sim20 5000 1 1 0. 10 1 0 30.57940 1.20000 1
./execute_sim20 5000 1 1 0. 10 1 0 31.29060 1.20000 1
./execute_sim20 5000 1 1 0. 10 1 0 32.00170 1.20000 1
./execute_sim20 5000 1 1 0. 10 1 0 32.71290 1.20000 1
./execute_sim20 5000 1 1 0. 10 1 0 33.42400 1.20000 1
./execute_sim20 5000 1 1 0. 10 1 0 34.13520 1.20000 1
./execute_sim20 5000 1 1 0. 10 1 0 34.84630 1.20000 1
./execute_sim20 5000 1 1 0. 10 1 0 35.55750 1.20000 1
./execute_sim20 5000 1 1 0. 10 1 0 22.04560 1.25000 1
./execute_sim20 5000 1 1 0. 10 1 0 22.75680 1.25000 1
./execute_sim20 5000 1 1 0. 10 1 0 23.46790 1.25000 1
./execute_sim20 5000 1 1 0. 10 1 0 24.17910 1.25000 1
./execute_sim20 5000 1 1 0. 10 1 0 24.89020 1.25000 1
./execute_sim20 5000 1 1 0. 10 1 0 25.60140 1.25000 1
./execute_sim20 5000 1 1 0. 10 1 0 26.31250 1.25000 1
./execute_sim20 5000 1 1 0. 10 1 0 27.02370 1.25000 1
./execute_sim20 5000 1 1 0. 10 1 0 27.73480 1.25000 1
./execute_sim20 5000 1 1 0. 10 1 0 28.44600 1.25000 1
./execute_sim20 5000 1 1 0. 10 1 0 29.15710 1.25000 1
./execute_sim20 5000 1 1 0. 10 1 0 29.86830 1.25000 1
./execute_sim20 5000 1 1 0. 10 1 0 30.57940 1.25000 1
./execute_sim20 5000 1 1 0. 10 1 0 31.29060 1.25000 1
./execute_sim20 5000 1 1 0. 10 1 0 32.00170 1.25000 1
./execute_sim20 5000 1 1 0. 10 1 0 32.71290 1.25000 1
./execute_sim20 5000 1 1 0. 10 1 0 33.42400 1.25000 1
./execute_sim20 5000 1 1 0. 10 1 0 34.13520 1.25000 1
./execute_sim20 5000 1 1 0. 10 1 0 34.84630 1.25000 1
./execute_sim20 5000 1 1 0. 10 1 0 35.55750 1.25000 1
./execute_sim20 5000 1 1 0. 10 1 0 22.04560 1.30000 1
./execute_sim20 5000 1 1 0. 10 1 0 22.75680 1.30000 1
./execute_sim20 5000 1 1 0. 10 1 0 23.46790 1.30000 1
./execute_sim20 5000 1 1 0. 10 1 0 24.17910 1.30000 1
./execute_sim20 5000 1 1 0. 10 1 0 24.89020 1.30000 1
./execute_sim20 5000 1 1 0. 10 1 0 25.60140 1.30000 1
./execute_sim20 5000 1 1 0. 10 1 0 26.31250 1.30000 1
./execute_sim20 5000 1 1 0. 10 1 0 27.02370 1.30000 1
./execute_sim20 5000 1 1 0. 10 1 0 27.73480 1.30000 1
./execute_sim20 5000 1 1 0. 10 1 0 28.44600 1.30000 1
./execute_sim20 5000 1 1 0. 10 1 0 29.15710 1.30000 1
./execute_sim20 5000 1 1 0. 10 1 0 29.86830 1.30000 1
./execute_sim20 5000 1 1 0. 10 1 0 30.57940 1.30000 1
./execute_sim20 5000 1 1 0. 10 1 0 31.29060 1.30000 1
./execute_sim20 5000 1 1 0. 10 1 0 32.00170 1.30000 1
./execute_sim20 5000 1 1 0. 10 1 0 32.71290 1.30000 1
./execute_sim20 5000 1 1 0. 10 1 0 33.42400 1.30000 1
./execute_sim20 5000 1 1 0. 10 1 0 34.13520 1.30000 1
./execute_sim20 5000 1 1 0. 10 1 0 34.84630 1.30000 1
./execute_sim20 5000 1 1 0. 10 1 0 35.55750 1.30000 1
./execute_sim20 5000 1 1 0. 10 1 0 22.04560 1.35000 1
./execute_sim20 5000 1 1 0. 10 1 0 22.75680 1.35000 1
./execute_sim20 5000 1 1 0. 10 1 0 23.46790 1.35000 1
./execute_sim20 5000 1 1 0. 10 1 0 24.17910 1.35000 1
./execute_sim20 5000 1 1 0. 10 1 0 24.89020 1.35000 1
./execute_sim20 5000 1 1 0. 10 1 0 25.60140 1.35000 1
./execute_sim20 5000 1 1 0. 10 1 0 26.31250 1.35000 1
./execute_sim20 5000 1 1 0. 10 1 0 27.02370 1.35000 1
./execute_sim20 5000 1 1 0. 10 1 0 27.73480 1.35000 1
./execute_sim20 5000 1 1 0. 10 1 0 28.44600 1.35000 1
./execute_sim20 5000 1 1 0. 10 1 0 29.15710 1.35000 1
./execute_sim20 5000 1 1 0. 10 1 0 29.86830 1.35000 1
./execute_sim20 5000 1 1 0. 10 1 0 30.57940 1.35000 1
./execute_sim20 5000 1 1 0. 10 1 0 31.29060 1.35000 1
./execute_sim20 5000 1 1 0. 10 1 0 32.00170 1.35000 1
./execute_sim20 5000 1 1 0. 10 1 0 32.71290 1.35000 1
./execute_sim20 5000 1 1 0. 10 1 0 33.42400 1.35000 1
./execute_sim20 5000 1 1 0. 10 1 0 34.13520 1.35000 1
./execute_sim20 5000 1 1 0. 10 1 0 34.84630 1.35000 1
./execute_sim20 5000 1 1 0. 10 1 0 35.55750 1.35000 1
./execute_sim20 5000 1 1 0. 10 1 0 22.04560 1.40000 1
./execute_sim20 5000 1 1 0. 10 1 0 22.75680 1.40000 1
./execute_sim20 5000 1 1 0. 10 1 0 23.46790 1.40000 1
./execute_sim20 5000 1 1 0. 10 1 0 24.17910 1.40000 1
./execute_sim20 5000 1 1 0. 10 1 0 24.89020 1.40000 1
./execute_sim20 5000 1 1 0. 10 1 0 25.60140 1.40000 1
./execute_sim20 5000 1 1 0. 10 1 0 26.31250 1.40000 1
./execute_sim20 5000 1 1 0. 10 1 0 27.02370 1.40000 1
./execute_sim20 5000 1 1 0. 10 1 0 27.73480 1.40000 1
./execute_sim20 5000 1 1 0. 10 1 0 28.44600 1.40000 1
./execute_sim20 5000 1 1 0. 10 1 0 29.15710 1.40000 1
./execute_sim20 5000 1 1 0. 10 1 0 29.86830 1.40000 1
./execute_sim20 5000 1 1 0. 10 1 0 30.57940 1.40000 1
./execute_sim20 5000 1 1 0. 10 1 0 31.29060 1.40000 1
./execute_sim20 5000 1 1 0. 10 1 0 32.00170 1.40000 1
./execute_sim20 5000 1 1 0. 10 1 0 32.71290 1.40000 1
./execute_sim20 5000 1 1 0. 10 1 0 33.42400 1.40000 1
./execute_sim20 5000 1 1 0. 10 1 0 34.13520 1.40000 1
./execute_sim20 5000 1 1 0. 10 1 0 34.84630 1.40000 1
./execute_sim20 5000 1 1 0. 10 1 0 35.55750 1.40000 1
./execute_sim20 5000 1 1 0. 10 1 0 22.04560 1.45000 1
./execute_sim20 5000 1 1 0. 10 1 0 22.75680 1.45000 1
./execute_sim20 5000 1 1 0. 10 1 0 23.46790 1.45000 1
./execute_sim20 5000 1 1 0. 10 1 0 24.17910 1.45000 1
./execute_sim20 5000 1 1 0. 10 1 0 24.89020 1.45000 1
./execute_sim20 5000 1 1 0. 10 1 0 25.60140 1.45000 1
./execute_sim20 5000 1 1 0. 10 1 0 26.31250 1.45000 1
./execute_sim20 5000 1 1 0. 10 1 0 27.02370 1.45000 1
./execute_sim20 5000 1 1 0. 10 1 0 27.73480 1.45000 1
./execute_sim20 5000 1 1 0. 10 1 0 28.44600 1.45000 1
./execute_sim20 5000 1 1 0. 10 1 0 29.15710 1.45000 1
./execute_sim20 5000 1 1 0. 10 1 0 29.86830 1.45000 1
./execute_sim20 5000 1 1 0. 10 1 0 30.57940 1.45000 1
./execute_sim20 5000 1 1 0. 10 1 0 31.29060 1.45000 1
./execute_sim20 5000 1 1 0. 10 1 0 32.00170 1.45000 1
./execute_sim20 5000 1 1 0. 10 1 0 32.71290 1.45000 1
./execute_sim20 5000 1 1 0. 10 1 0 33.42400 1.45000 1
./execute_sim20 5000 1 1 0. 10 1 0 34.13520 1.45000 1
./execute_sim20 5000 1 1 0. 10 1 0 34.84630 1.45000 1
./execute_sim20 5000 1 1 0. 10 1 0 35.55750 1.45000 1
./execute_sim20 5000 1 1 0. 10 1 0 22.04560 1.50000 1
./execute_sim20 5000 1 1 0. 10 1 0 22.75680 1.50000 1
./execute_sim20 5000 1 1 0. 10 1 0 23.46790 1.50000 1
./execute_sim20 5000 1 1 0. 10 1 0 24.17910 1.50000 1
./execute_sim20 5000 1 1 0. 10 1 0 24.89020 1.50000 1
./execute_sim20 5000 1 1 0. 10 1 0 25.60140 1.50000 1
./execute_sim20 5000 1 1 0. 10 1 0 26.31250 1.50000 1
./execute_sim20 5000 1 1 0. 10 1 0 27.02370 1.50000 1
./execute_sim20 5000 1 1 0. 10 1 0 27.73480 1.50000 1
./execute_sim20 5000 1 1 0. 10 1 0 28.44600 1.50000 1
./execute_sim20 5000 1 1 0. 10 1 0 29.15710 1.50000 1
./execute_sim20 5000 1 1 0. 10 1 0 29.86830 1.50000 1
./execute_sim20 5000 1 1 0. 10 1 0 30.57940 1.50000 1
./execute_sim20 5000 1 1 0. 10 1 0 31.29060 1.50000 1
./execute_sim20 5000 1 1 0. 10 1 0 32.00170 1.50000 1
./execute_sim20 5000 1 1 0. 10 1 0 32.71290 1.50000 1
./execute_sim20 5000 1 1 0. 10 1 0 33.42400 1.50000 1
./execute_sim20 5000 1 1 0. 10 1 0 34.13520 1.50000 1
./execute_sim20 5000 1 1 0. 10 1 0 34.84630 1.50000 1
./execute_sim20 5000 1 1 0. 10 1 0 35.55750 1.50000 1