./execute_sim20 50000 1 1 0.001 10 1 0 1.42230 0.10000 1
./execute_sim20 50000 1 1 0.001 10 1 0 2.84460 0.10000 1
./execute_sim20 50000 1 1 0.001 10 1 0 4.26690 0.10000 1
./execute_sim20 50000 1 1 0.001 10 1 0 5.68920 0.10000 1
./execute_sim20 50000 1 1 0.001 10 1 0 7.11150 0.10000 1
./execute_sim20 50000 1 1 0.001 10 1 0 8.53379 0.10000 1
./execute_sim20 50000 1 1 0.001 10 1 0 9.95609 0.10000 1
./execute_sim20 50000 1 1 0.001 10 1 0 11.37840 0.10000 1
./execute_sim20 50000 1 1 0.001 10 1 0 12.80070 0.10000 1
./execute_sim20 50000 1 1 0.001 10 1 0 14.22300 0.10000 1
./execute_sim20 50000 1 1 0.001 10 1 0 15.64530 0.10000 1
./execute_sim20 50000 1 1 0.001 10 1 0 17.06760 0.10000 1
./execute_sim20 50000 1 1 0.001 10 1 0 18.48990 0.10000 1
./execute_sim20 50000 1 1 0.001 10 1 0 19.91220 0.10000 1
./execute_sim20 50000 1 1 0.001 10 1 0 21.33450 0.10000 1
./execute_sim20 50000 1 1 0.001 10 1 0 1.42230 0.20000 1
./execute_sim20 50000 1 1 0.001 10 1 0 2.84460 0.20000 1
./execute_sim20 50000 1 1 0.001 10 1 0 4.26690 0.20000 1
./execute_sim20 50000 1 1 0.001 10 1 0 5.68920 0.20000 1
./execute_sim20 50000 1 1 0.001 10 1 0 7.11150 0.20000 1
./execute_sim20 50000 1 1 0.001 10 1 0 8.53379 0.20000 1
./execute_sim20 50000 1 1 0.001 10 1 0 9.95609 0.20000 1
./execute_sim20 50000 1 1 0.001 10 1 0 11.37840 0.20000 1
./execute_sim20 50000 1 1 0.001 10 1 0 12.80070 0.20000 1
./execute_sim20 50000 1 1 0.001 10 1 0 14.22300 0.20000 1
./execute_sim20 50000 1 1 0.001 10 1 0 15.64530 0.20000 1
./execute_sim20 50000 1 1 0.001 10 1 0 17.06760 0.20000 1
./execute_sim20 50000 1 1 0.001 10 1 0 18.48990 0.20000 1
./execute_sim20 50000 1 1 0.001 10 1 0 19.91220 0.20000 1
./execute_sim20 50000 1 1 0.001 10 1 0 21.33450 0.20000 1
./execute_sim20 50000 1 1 0.001 10 1 0 1.42230 0.30000 1
./execute_sim20 50000 1 1 0.001 10 1 0 2.84460 0.30000 1
./execute_sim20 50000 1 1 0.001 10 1 0 4.26690 0.30000 1
./execute_sim20 50000 1 1 0.001 10 1 0 5.68920 0.30000 1
./execute_sim20 50000 1 1 0.001 10 1 0 7.11150 0.30000 1
./execute_sim20 50000 1 1 0.001 10 1 0 8.53379 0.30000 1
./execute_sim20 50000 1 1 0.001 10 1 0 9.95609 0.30000 1
./execute_sim20 50000 1 1 0.001 10 1 0 11.37840 0.30000 1
./execute_sim20 50000 1 1 0.001 10 1 0 12.80070 0.30000 1
./execute_sim20 50000 1 1 0.001 10 1 0 14.22300 0.30000 1
./execute_sim20 50000 1 1 0.001 10 1 0 15.64530 0.30000 1
./execute_sim20 50000 1 1 0.001 10 1 0 17.06760 0.30000 1
./execute_sim20 50000 1 1 0.001 10 1 0 18.48990 0.30000 1
./execute_sim20 50000 1 1 0.001 10 1 0 19.91220 0.30000 1
./execute_sim20 50000 1 1 0.001 10 1 0 21.33450 0.30000 1
./execute_sim20 50000 1 1 0.001 10 1 0 1.42230 0.40000 1
./execute_sim20 50000 1 1 0.001 10 1 0 2.84460 0.40000 1
./execute_sim20 50000 1 1 0.001 10 1 0 4.26690 0.40000 1
./execute_sim20 50000 1 1 0.001 10 1 0 5.68920 0.40000 1
./execute_sim20 50000 1 1 0.001 10 1 0 7.11150 0.40000 1
./execute_sim20 50000 1 1 0.001 10 1 0 8.53379 0.40000 1
./execute_sim20 50000 1 1 0.001 10 1 0 9.95609 0.40000 1
./execute_sim20 50000 1 1 0.001 10 1 0 11.37840 0.40000 1
./execute_sim20 50000 1 1 0.001 10 1 0 12.80070 0.40000 1
./execute_sim20 50000 1 1 0.001 10 1 0 14.22300 0.40000 1
./execute_sim20 50000 1 1 0.001 10 1 0 15.64530 0.40000 1
./execute_sim20 50000 1 1 0.001 10 1 0 17.06760 0.40000 1
./execute_sim20 50000 1 1 0.001 10 1 0 18.48990 0.40000 1
./execute_sim20 50000 1 1 0.001 10 1 0 19.91220 0.40000 1
./execute_sim20 50000 1 1 0.001 10 1 0 21.33450 0.40000 1
./execute_sim20 50000 1 1 0.001 10 1 0 1.42230 0.50000 1
./execute_sim20 50000 1 1 0.001 10 1 0 2.84460 0.50000 1
./execute_sim20 50000 1 1 0.001 10 1 0 4.26690 0.50000 1
./execute_sim20 50000 1 1 0.001 10 1 0 5.68920 0.50000 1
./execute_sim20 50000 1 1 0.001 10 1 0 7.11150 0.50000 1
./execute_sim20 50000 1 1 0.001 10 1 0 8.53379 0.50000 1
./execute_sim20 50000 1 1 0.001 10 1 0 9.95609 0.50000 1
./execute_sim20 50000 1 1 0.001 10 1 0 11.37840 0.50000 1
./execute_sim20 50000 1 1 0.001 10 1 0 12.80070 0.50000 1
./execute_sim20 50000 1 1 0.001 10 1 0 14.22300 0.50000 1
./execute_sim20 50000 1 1 0.001 10 1 0 15.64530 0.50000 1
./execute_sim20 50000 1 1 0.001 10 1 0 17.06760 0.50000 1
./execute_sim20 50000 1 1 0.001 10 1 0 18.48990 0.50000 1
./execute_sim20 50000 1 1 0.001 10 1 0 19.91220 0.50000 1
./execute_sim20 50000 1 1 0.001 10 1 0 21.33450 0.50000 1
./execute_sim20 50000 1 1 0.001 10 1 0 1.42230 0.60000 1
./execute_sim20 50000 1 1 0.001 10 1 0 2.84460 0.60000 1
./execute_sim20 50000 1 1 0.001 10 1 0 4.26690 0.60000 1
./execute_sim20 50000 1 1 0.001 10 1 0 5.68920 0.60000 1
./execute_sim20 50000 1 1 0.001 10 1 0 7.11150 0.60000 1
./execute_sim20 50000 1 1 0.001 10 1 0 8.53379 0.60000 1
./execute_sim20 50000 1 1 0.001 10 1 0 9.95609 0.60000 1
./execute_sim20 50000 1 1 0.001 10 1 0 11.37840 0.60000 1
./execute_sim20 50000 1 1 0.001 10 1 0 12.80070 0.60000 1
./execute_sim20 50000 1 1 0.001 10 1 0 14.22300 0.60000 1
./execute_sim20 50000 1 1 0.001 10 1 0 15.64530 0.60000 1
./execute_sim20 50000 1 1 0.001 10 1 0 17.06760 0.60000 1
./execute_sim20 50000 1 1 0.001 10 1 0 18.48990 0.60000 1
./execute_sim20 50000 1 1 0.001 10 1 0 19.91220 0.60000 1
./execute_sim20 50000 1 1 0.001 10 1 0 21.33450 0.60000 1
./execute_sim20 50000 1 1 0.001 10 1 0 1.42230 0.70000 1
./execute_sim20 50000 1 1 0.001 10 1 0 2.84460 0.70000 1
./execute_sim20 50000 1 1 0.001 10 1 0 4.26690 0.70000 1
./execute_sim20 50000 1 1 0.001 10 1 0 5.68920 0.70000 1
./execute_sim20 50000 1 1 0.001 10 1 0 7.11150 0.70000 1
./execute_sim20 50000 1 1 0.001 10 1 0 8.53379 0.70000 1
./execute_sim20 50000 1 1 0.001 10 1 0 9.95609 0.70000 1
./execute_sim20 50000 1 1 0.001 10 1 0 11.37840 0.70000 1
./execute_sim20 50000 1 1 0.001 10 1 0 12.80070 0.70000 1
./execute_sim20 50000 1 1 0.001 10 1 0 14.22300 0.70000 1
./execute_sim20 50000 1 1 0.001 10 1 0 15.64530 0.70000 1
./execute_sim20 50000 1 1 0.001 10 1 0 17.06760 0.70000 1
./execute_sim20 50000 1 1 0.001 10 1 0 18.48990 0.70000 1
./execute_sim20 50000 1 1 0.001 10 1 0 19.91220 0.70000 1
./execute_sim20 50000 1 1 0.001 10 1 0 21.33450 0.70000 1
./execute_sim20 50000 1 1 0.001 10 1 0 1.42230 0.80000 1
./execute_sim20 50000 1 1 0.001 10 1 0 2.84460 0.80000 1
./execute_sim20 50000 1 1 0.001 10 1 0 4.26690 0.80000 1
./execute_sim20 50000 1 1 0.001 10 1 0 5.68920 0.80000 1
./execute_sim20 50000 1 1 0.001 10 1 0 7.11150 0.80000 1
./execute_sim20 50000 1 1 0.001 10 1 0 8.53379 0.80000 1
./execute_sim20 50000 1 1 0.001 10 1 0 9.95609 0.80000 1
./execute_sim20 50000 1 1 0.001 10 1 0 11.37840 0.80000 1
./execute_sim20 50000 1 1 0.001 10 1 0 12.80070 0.80000 1
./execute_sim20 50000 1 1 0.001 10 1 0 14.22300 0.80000 1
./execute_sim20 50000 1 1 0.001 10 1 0 15.64530 0.80000 1
./execute_sim20 50000 1 1 0.001 10 1 0 17.06760 0.80000 1
./execute_sim20 50000 1 1 0.001 10 1 0 18.48990 0.80000 1
./execute_sim20 50000 1 1 0.001 10 1 0 19.91220 0.80000 1
./execute_sim20 50000 1 1 0.001 10 1 0 21.33450 0.80000 1
./execute_sim20 50000 1 1 0.001 10 1 0 1.42230 0.90000 1
./execute_sim20 50000 1 1 0.001 10 1 0 2.84460 0.90000 1
./execute_sim20 50000 1 1 0.001 10 1 0 4.26690 0.90000 1
./execute_sim20 50000 1 1 0.001 10 1 0 5.68920 0.90000 1
./execute_sim20 50000 1 1 0.001 10 1 0 7.11150 0.90000 1
./execute_sim20 50000 1 1 0.001 10 1 0 8.53379 0.90000 1
./execute_sim20 50000 1 1 0.001 10 1 0 9.95609 0.90000 1
./execute_sim20 50000 1 1 0.001 10 1 0 11.37840 0.90000 1
./execute_sim20 50000 1 1 0.001 10 1 0 12.80070 0.90000 1
./execute_sim20 50000 1 1 0.001 10 1 0 14.22300 0.90000 1
./execute_sim20 50000 1 1 0.001 10 1 0 15.64530 0.90000 1
./execute_sim20 50000 1 1 0.001 10 1 0 17.06760 0.90000 1
./execute_sim20 50000 1 1 0.001 10 1 0 18.48990 0.90000 1
./execute_sim20 50000 1 1 0.001 10 1 0 19.91220 0.90000 1
./execute_sim20 50000 1 1 0.001 10 1 0 21.33450 0.90000 1
./execute_sim20 50000 1 1 0.001 10 1 0 1.42230 1.00000 1
./execute_sim20 50000 1 1 0.001 10 1 0 2.84460 1.00000 1
./execute_sim20 50000 1 1 0.001 10 1 0 4.26690 1.00000 1
./execute_sim20 50000 1 1 0.001 10 1 0 5.68920 1.00000 1
./execute_sim20 50000 1 1 0.001 10 1 0 7.11150 1.00000 1
./execute_sim20 50000 1 1 0.001 10 1 0 8.53379 1.00000 1
./execute_sim20 50000 1 1 0.001 10 1 0 9.95609 1.00000 1
./execute_sim20 50000 1 1 0.001 10 1 0 11.37840 1.00000 1
./execute_sim20 50000 1 1 0.001 10 1 0 12.80070 1.00000 1
./execute_sim20 50000 1 1 0.001 10 1 0 14.22300 1.00000 1
./execute_sim20 50000 1 1 0.001 10 1 0 15.64530 1.00000 1
./execute_sim20 50000 1 1 0.001 10 1 0 17.06760 1.00000 1
./execute_sim20 50000 1 1 0.001 10 1 0 18.48990 1.00000 1
./execute_sim20 50000 1 1 0.001 10 1 0 19.91220 1.00000 1
./execute_sim20 50000 1 1 0.001 10 1 0 21.33450 1.00000 1
./execute_sim20 50000 1 1 0.001 10 1 0 1.42230 1.10000 1
./execute_sim20 50000 1 1 0.001 10 1 0 2.84460 1.10000 1
./execute_sim20 50000 1 1 0.001 10 1 0 4.26690 1.10000 1
./execute_sim20 50000 1 1 0.001 10 1 0 5.68920 1.10000 1
./execute_sim20 50000 1 1 0.001 10 1 0 7.11150 1.10000 1
./execute_sim20 50000 1 1 0.001 10 1 0 8.53379 1.10000 1
./execute_sim20 50000 1 1 0.001 10 1 0 9.95609 1.10000 1
./execute_sim20 50000 1 1 0.001 10 1 0 11.37840 1.10000 1
./execute_sim20 50000 1 1 0.001 10 1 0 12.80070 1.10000 1
./execute_sim20 50000 1 1 0.001 10 1 0 14.22300 1.10000 1
./execute_sim20 50000 1 1 0.001 10 1 0 15.64530 1.10000 1
./execute_sim20 50000 1 1 0.001 10 1 0 17.06760 1.10000 1
./execute_sim20 50000 1 1 0.001 10 1 0 18.48990 1.10000 1
./execute_sim20 50000 1 1 0.001 10 1 0 19.91220 1.10000 1
./execute_sim20 50000 1 1 0.001 10 1 0 21.33450 1.10000 1
./execute_sim20 50000 1 1 0.001 10 1 0 1.42230 1.20000 1
./execute_sim20 50000 1 1 0.001 10 1 0 2.84460 1.20000 1
./execute_sim20 50000 1 1 0.001 10 1 0 4.26690 1.20000 1
./execute_sim20 50000 1 1 0.001 10 1 0 5.68920 1.20000 1
./execute_sim20 50000 1 1 0.001 10 1 0 7.11150 1.20000 1
./execute_sim20 50000 1 1 0.001 10 1 0 8.53379 1.20000 1
./execute_sim20 50000 1 1 0.001 10 1 0 9.95609 1.20000 1
./execute_sim20 50000 1 1 0.001 10 1 0 11.37840 1.20000 1
./execute_sim20 50000 1 1 0.001 10 1 0 12.80070 1.20000 1
./execute_sim20 50000 1 1 0.001 10 1 0 14.22300 1.20000 1
./execute_sim20 50000 1 1 0.001 10 1 0 15.64530 1.20000 1
./execute_sim20 50000 1 1 0.001 10 1 0 17.06760 1.20000 1
./execute_sim20 50000 1 1 0.001 10 1 0 18.48990 1.20000 1
./execute_sim20 50000 1 1 0.001 10 1 0 19.91220 1.20000 1
./execute_sim20 50000 1 1 0.001 10 1 0 21.33450 1.20000 1
./execute_sim20 50000 1 1 0.001 10 1 0 1.42230 1.30000 1
./execute_sim20 50000 1 1 0.001 10 1 0 2.84460 1.30000 1
./execute_sim20 50000 1 1 0.001 10 1 0 4.26690 1.30000 1
./execute_sim20 50000 1 1 0.001 10 1 0 5.68920 1.30000 1
./execute_sim20 50000 1 1 0.001 10 1 0 7.11150 1.30000 1
./execute_sim20 50000 1 1 0.001 10 1 0 8.53379 1.30000 1
./execute_sim20 50000 1 1 0.001 10 1 0 9.95609 1.30000 1
./execute_sim20 50000 1 1 0.001 10 1 0 11.37840 1.30000 1
./execute_sim20 50000 1 1 0.001 10 1 0 12.80070 1.30000 1
./execute_sim20 50000 1 1 0.001 10 1 0 14.22300 1.30000 1
./execute_sim20 50000 1 1 0.001 10 1 0 15.64530 1.30000 1
./execute_sim20 50000 1 1 0.001 10 1 0 17.06760 1.30000 1
./execute_sim20 50000 1 1 0.001 10 1 0 18.48990 1.30000 1
./execute_sim20 50000 1 1 0.001 10 1 0 19.91220 1.30000 1
./execute_sim20 50000 1 1 0.001 10 1 0 21.33450 1.30000 1
./execute_sim20 50000 1 1 0.001 10 1 0 1.42230 1.40000 1
./execute_sim20 50000 1 1 0.001 10 1 0 2.84460 1.40000 1
./execute_sim20 50000 1 1 0.001 10 1 0 4.26690 1.40000 1
./execute_sim20 50000 1 1 0.001 10 1 0 5.68920 1.40000 1
./execute_sim20 50000 1 1 0.001 10 1 0 7.11150 1.40000 1
./execute_sim20 50000 1 1 0.001 10 1 0 8.53379 1.40000 1
./execute_sim20 50000 1 1 0.001 10 1 0 9.95609 1.40000 1
./execute_sim20 50000 1 1 0.001 10 1 0 11.37840 1.40000 1
./execute_sim20 50000 1 1 0.001 10 1 0 12.80070 1.40000 1
./execute_sim20 50000 1 1 0.001 10 1 0 14.22300 1.40000 1
./execute_sim20 50000 1 1 0.001 10 1 0 15.64530 1.40000 1
./execute_sim20 50000 1 1 0.001 10 1 0 17.06760 1.40000 1
./execute_sim20 50000 1 1 0.001 10 1 0 18.48990 1.40000 1
./execute_sim20 50000 1 1 0.001 10 1 0 19.91220 1.40000 1
./execute_sim20 50000 1 1 0.001 10 1 0 21.33450 1.40000 1
./execute_sim20 50000 1 1 0.001 10 1 0 1.42230 1.50000 1
./execute_sim20 50000 1 1 0.001 10 1 0 2.84460 1.50000 1
./execute_sim20 50000 1 1 0.001 10 1 0 4.26690 1.50000 1
./execute_sim20 50000 1 1 0.001 10 1 0 5.68920 1.50000 1
./execute_sim20 50000 1 1 0.001 10 1 0 7.11150 1.50000 1
./execute_sim20 50000 1 1 0.001 10 1 0 8.53379 1.50000 1
./execute_sim20 50000 1 1 0.001 10 1 0 9.95609 1.50000 1
./execute_sim20 50000 1 1 0.001 10 1 0 11.37840 1.50000 1
./execute_sim20 50000 1 1 0.001 10 1 0 12.80070 1.50000 1
./execute_sim20 50000 1 1 0.001 10 1 0 14.22300 1.50000 1
./execute_sim20 50000 1 1 0.001 10 1 0 15.64530 1.50000 1
./execute_sim20 50000 1 1 0.001 10 1 0 17.06760 1.50000 1
./execute_sim20 50000 1 1 0.001 10 1 0 18.48990 1.50000 1
./execute_sim20 50000 1 1 0.001 10 1 0 19.91220 1.50000 1
./execute_sim20 50000 1 1 0.001 10 1 0 21.33450 1.50000 1