./execute_sim20 50000 1 1 0.001 10 1 0 0.71115 0.05000 1
./execute_sim20 50000 1 1 0.001 10 1 0 2.13345 0.05000 1
./execute_sim20 50000 1 1 0.001 10 1 0 3.55575 0.05000 1
./execute_sim20 50000 1 1 0.001 10 1 0 4.97805 0.05000 1
./execute_sim20 50000 1 1 0.001 10 1 0 6.40035 0.05000 1
./execute_sim20 50000 1 1 0.001 10 1 0 7.82264 0.05000 1
./execute_sim20 50000 1 1 0.001 10 1 0 9.24494 0.05000 1
./execute_sim20 50000 1 1 0.001 10 1 0 10.66720 0.05000 1
./execute_sim20 50000 1 1 0.001 10 1 0 12.08950 0.05000 1
./execute_sim20 50000 1 1 0.001 10 1 0 13.51180 0.05000 1
./execute_sim20 50000 1 1 0.001 10 1 0 14.93410 0.05000 1
./execute_sim20 50000 1 1 0.001 10 1 0 16.35640 0.05000 1
./execute_sim20 50000 1 1 0.001 10 1 0 17.77870 0.05000 1
./execute_sim20 50000 1 1 0.001 10 1 0 19.20100 0.05000 1
./execute_sim20 50000 1 1 0.001 10 1 0 20.62330 0.05000 1
./execute_sim20 50000 1 1 0.001 10 1 0 0.71115 0.15000 1
./execute_sim20 50000 1 1 0.001 10 1 0 2.13345 0.15000 1
./execute_sim20 50000 1 1 0.001 10 1 0 3.55575 0.15000 1
./execute_sim20 50000 1 1 0.001 10 1 0 4.97805 0.15000 1
./execute_sim20 50000 1 1 0.001 10 1 0 6.40035 0.15000 1
./execute_sim20 50000 1 1 0.001 10 1 0 7.82264 0.15000 1
./execute_sim20 50000 1 1 0.001 10 1 0 9.24494 0.15000 1
./execute_sim20 50000 1 1 0.001 10 1 0 10.66720 0.15000 1
./execute_sim20 50000 1 1 0.001 10 1 0 12.08950 0.15000 1
./execute_sim20 50000 1 1 0.001 10 1 0 13.51180 0.15000 1
./execute_sim20 50000 1 1 0.001 10 1 0 14.93410 0.15000 1
./execute_sim20 50000 1 1 0.001 10 1 0 16.35640 0.15000 1
./execute_sim20 50000 1 1 0.001 10 1 0 17.77870 0.15000 1
./execute_sim20 50000 1 1 0.001 10 1 0 19.20100 0.15000 1
./execute_sim20 50000 1 1 0.001 10 1 0 20.62330 0.15000 1
./execute_sim20 50000 1 1 0.001 10 1 0 0.71115 0.25000 1
./execute_sim20 50000 1 1 0.001 10 1 0 2.13345 0.25000 1
./execute_sim20 50000 1 1 0.001 10 1 0 3.55575 0.25000 1
./execute_sim20 50000 1 1 0.001 10 1 0 4.97805 0.25000 1
./execute_sim20 50000 1 1 0.001 10 1 0 6.40035 0.25000 1
./execute_sim20 50000 1 1 0.001 10 1 0 7.82264 0.25000 1
./execute_sim20 50000 1 1 0.001 10 1 0 9.24494 0.25000 1
./execute_sim20 50000 1 1 0.001 10 1 0 10.66720 0.25000 1
./execute_sim20 50000 1 1 0.001 10 1 0 12.08950 0.25000 1
./execute_sim20 50000 1 1 0.001 10 1 0 13.51180 0.25000 1
./execute_sim20 50000 1 1 0.001 10 1 0 14.93410 0.25000 1
./execute_sim20 50000 1 1 0.001 10 1 0 16.35640 0.25000 1
./execute_sim20 50000 1 1 0.001 10 1 0 17.77870 0.25000 1
./execute_sim20 50000 1 1 0.001 10 1 0 19.20100 0.25000 1
./execute_sim20 50000 1 1 0.001 10 1 0 20.62330 0.25000 1
./execute_sim20 50000 1 1 0.001 10 1 0 0.71115 0.35000 1
./execute_sim20 50000 1 1 0.001 10 1 0 2.13345 0.35000 1
./execute_sim20 50000 1 1 0.001 10 1 0 3.55575 0.35000 1
./execute_sim20 50000 1 1 0.001 10 1 0 4.97805 0.35000 1
./execute_sim20 50000 1 1 0.001 10 1 0 6.40035 0.35000 1
./execute_sim20 50000 1 1 0.001 10 1 0 7.82264 0.35000 1
./execute_sim20 50000 1 1 0.001 10 1 0 9.24494 0.35000 1
./execute_sim20 50000 1 1 0.001 10 1 0 10.66720 0.35000 1
./execute_sim20 50000 1 1 0.001 10 1 0 12.08950 0.35000 1
./execute_sim20 50000 1 1 0.001 10 1 0 13.51180 0.35000 1
./execute_sim20 50000 1 1 0.001 10 1 0 14.93410 0.35000 1
./execute_sim20 50000 1 1 0.001 10 1 0 16.35640 0.35000 1
./execute_sim20 50000 1 1 0.001 10 1 0 17.77870 0.35000 1
./execute_sim20 50000 1 1 0.001 10 1 0 19.20100 0.35000 1
./execute_sim20 50000 1 1 0.001 10 1 0 20.62330 0.35000 1
./execute_sim20 50000 1 1 0.001 10 1 0 0.71115 0.45000 1
./execute_sim20 50000 1 1 0.001 10 1 0 2.13345 0.45000 1
./execute_sim20 50000 1 1 0.001 10 1 0 3.55575 0.45000 1
./execute_sim20 50000 1 1 0.001 10 1 0 4.97805 0.45000 1
./execute_sim20 50000 1 1 0.001 10 1 0 6.40035 0.45000 1
./execute_sim20 50000 1 1 0.001 10 1 0 7.82264 0.45000 1
./execute_sim20 50000 1 1 0.001 10 1 0 9.24494 0.45000 1
./execute_sim20 50000 1 1 0.001 10 1 0 10.66720 0.45000 1
./execute_sim20 50000 1 1 0.001 10 1 0 12.08950 0.45000 1
./execute_sim20 50000 1 1 0.001 10 1 0 13.51180 0.45000 1
./execute_sim20 50000 1 1 0.001 10 1 0 14.93410 0.45000 1
./execute_sim20 50000 1 1 0.001 10 1 0 16.35640 0.45000 1
./execute_sim20 50000 1 1 0.001 10 1 0 17.77870 0.45000 1
./execute_sim20 50000 1 1 0.001 10 1 0 19.20100 0.45000 1
./execute_sim20 50000 1 1 0.001 10 1 0 20.62330 0.45000 1
./execute_sim20 50000 1 1 0.001 10 1 0 0.71115 0.55000 1
./execute_sim20 50000 1 1 0.001 10 1 0 2.13345 0.55000 1
./execute_sim20 50000 1 1 0.001 10 1 0 3.55575 0.55000 1
./execute_sim20 50000 1 1 0.001 10 1 0 4.97805 0.55000 1
./execute_sim20 50000 1 1 0.001 10 1 0 6.40035 0.55000 1
./execute_sim20 50000 1 1 0.001 10 1 0 7.82264 0.55000 1
./execute_sim20 50000 1 1 0.001 10 1 0 9.24494 0.55000 1
./execute_sim20 50000 1 1 0.001 10 1 0 10.66720 0.55000 1
./execute_sim20 50000 1 1 0.001 10 1 0 12.08950 0.55000 1
./execute_sim20 50000 1 1 0.001 10 1 0 13.51180 0.55000 1
./execute_sim20 50000 1 1 0.001 10 1 0 14.93410 0.55000 1
./execute_sim20 50000 1 1 0.001 10 1 0 16.35640 0.55000 1
./execute_sim20 50000 1 1 0.001 10 1 0 17.77870 0.55000 1
./execute_sim20 50000 1 1 0.001 10 1 0 19.20100 0.55000 1
./execute_sim20 50000 1 1 0.001 10 1 0 20.62330 0.55000 1
./execute_sim20 50000 1 1 0.001 10 1 0 0.71115 0.65000 1
./execute_sim20 50000 1 1 0.001 10 1 0 2.13345 0.65000 1
./execute_sim20 50000 1 1 0.001 10 1 0 3.55575 0.65000 1
./execute_sim20 50000 1 1 0.001 10 1 0 4.97805 0.65000 1
./execute_sim20 50000 1 1 0.001 10 1 0 6.40035 0.65000 1
./execute_sim20 50000 1 1 0.001 10 1 0 7.82264 0.65000 1
./execute_sim20 50000 1 1 0.001 10 1 0 9.24494 0.65000 1
./execute_sim20 50000 1 1 0.001 10 1 0 10.66720 0.65000 1
./execute_sim20 50000 1 1 0.001 10 1 0 12.08950 0.65000 1
./execute_sim20 50000 1 1 0.001 10 1 0 13.51180 0.65000 1
./execute_sim20 50000 1 1 0.001 10 1 0 14.93410 0.65000 1
./execute_sim20 50000 1 1 0.001 10 1 0 16.35640 0.65000 1
./execute_sim20 50000 1 1 0.001 10 1 0 17.77870 0.65000 1
./execute_sim20 50000 1 1 0.001 10 1 0 19.20100 0.65000 1
./execute_sim20 50000 1 1 0.001 10 1 0 20.62330 0.65000 1
./execute_sim20 50000 1 1 0.001 10 1 0 0.71115 0.75000 1
./execute_sim20 50000 1 1 0.001 10 1 0 2.13345 0.75000 1
./execute_sim20 50000 1 1 0.001 10 1 0 3.55575 0.75000 1
./execute_sim20 50000 1 1 0.001 10 1 0 4.97805 0.75000 1
./execute_sim20 50000 1 1 0.001 10 1 0 6.40035 0.75000 1
./execute_sim20 50000 1 1 0.001 10 1 0 7.82264 0.75000 1
./execute_sim20 50000 1 1 0.001 10 1 0 9.24494 0.75000 1
./execute_sim20 50000 1 1 0.001 10 1 0 10.66720 0.75000 1
./execute_sim20 50000 1 1 0.001 10 1 0 12.08950 0.75000 1
./execute_sim20 50000 1 1 0.001 10 1 0 13.51180 0.75000 1
./execute_sim20 50000 1 1 0.001 10 1 0 14.93410 0.75000 1
./execute_sim20 50000 1 1 0.001 10 1 0 16.35640 0.75000 1
./execute_sim20 50000 1 1 0.001 10 1 0 17.77870 0.75000 1
./execute_sim20 50000 1 1 0.001 10 1 0 19.20100 0.75000 1
./execute_sim20 50000 1 1 0.001 10 1 0 20.62330 0.75000 1
./execute_sim20 50000 1 1 0.001 10 1 0 0.71115 0.85000 1
./execute_sim20 50000 1 1 0.001 10 1 0 2.13345 0.85000 1
./execute_sim20 50000 1 1 0.001 10 1 0 3.55575 0.85000 1
./execute_sim20 50000 1 1 0.001 10 1 0 4.97805 0.85000 1
./execute_sim20 50000 1 1 0.001 10 1 0 6.40035 0.85000 1
./execute_sim20 50000 1 1 0.001 10 1 0 7.82264 0.85000 1
./execute_sim20 50000 1 1 0.001 10 1 0 9.24494 0.85000 1
./execute_sim20 50000 1 1 0.001 10 1 0 10.66720 0.85000 1
./execute_sim20 50000 1 1 0.001 10 1 0 12.08950 0.85000 1
./execute_sim20 50000 1 1 0.001 10 1 0 13.51180 0.85000 1
./execute_sim20 50000 1 1 0.001 10 1 0 14.93410 0.85000 1
./execute_sim20 50000 1 1 0.001 10 1 0 16.35640 0.85000 1
./execute_sim20 50000 1 1 0.001 10 1 0 17.77870 0.85000 1
./execute_sim20 50000 1 1 0.001 10 1 0 19.20100 0.85000 1
./execute_sim20 50000 1 1 0.001 10 1 0 20.62330 0.85000 1
./execute_sim20 50000 1 1 0.001 10 1 0 0.71115 0.95000 1
./execute_sim20 50000 1 1 0.001 10 1 0 2.13345 0.95000 1
./execute_sim20 50000 1 1 0.001 10 1 0 3.55575 0.95000 1
./execute_sim20 50000 1 1 0.001 10 1 0 4.97805 0.95000 1
./execute_sim20 50000 1 1 0.001 10 1 0 6.40035 0.95000 1
./execute_sim20 50000 1 1 0.001 10 1 0 7.82264 0.95000 1
./execute_sim20 50000 1 1 0.001 10 1 0 9.24494 0.95000 1
./execute_sim20 50000 1 1 0.001 10 1 0 10.66720 0.95000 1
./execute_sim20 50000 1 1 0.001 10 1 0 12.08950 0.95000 1
./execute_sim20 50000 1 1 0.001 10 1 0 13.51180 0.95000 1
./execute_sim20 50000 1 1 0.001 10 1 0 14.93410 0.95000 1
./execute_sim20 50000 1 1 0.001 10 1 0 16.35640 0.95000 1
./execute_sim20 50000 1 1 0.001 10 1 0 17.77870 0.95000 1
./execute_sim20 50000 1 1 0.001 10 1 0 19.20100 0.95000 1
./execute_sim20 50000 1 1 0.001 10 1 0 20.62330 0.95000 1
./execute_sim20 50000 1 1 0.001 10 1 0 0.71115 1.05000 1
./execute_sim20 50000 1 1 0.001 10 1 0 2.13345 1.05000 1
./execute_sim20 50000 1 1 0.001 10 1 0 3.55575 1.05000 1
./execute_sim20 50000 1 1 0.001 10 1 0 4.97805 1.05000 1
./execute_sim20 50000 1 1 0.001 10 1 0 6.40035 1.05000 1
./execute_sim20 50000 1 1 0.001 10 1 0 7.82264 1.05000 1
./execute_sim20 50000 1 1 0.001 10 1 0 9.24494 1.05000 1
./execute_sim20 50000 1 1 0.001 10 1 0 10.66720 1.05000 1
./execute_sim20 50000 1 1 0.001 10 1 0 12.08950 1.05000 1
./execute_sim20 50000 1 1 0.001 10 1 0 13.51180 1.05000 1
./execute_sim20 50000 1 1 0.001 10 1 0 14.93410 1.05000 1
./execute_sim20 50000 1 1 0.001 10 1 0 16.35640 1.05000 1
./execute_sim20 50000 1 1 0.001 10 1 0 17.77870 1.05000 1
./execute_sim20 50000 1 1 0.001 10 1 0 19.20100 1.05000 1
./execute_sim20 50000 1 1 0.001 10 1 0 20.62330 1.05000 1
./execute_sim20 50000 1 1 0.001 10 1 0 0.71115 1.15000 1
./execute_sim20 50000 1 1 0.001 10 1 0 2.13345 1.15000 1
./execute_sim20 50000 1 1 0.001 10 1 0 3.55575 1.15000 1
./execute_sim20 50000 1 1 0.001 10 1 0 4.97805 1.15000 1
./execute_sim20 50000 1 1 0.001 10 1 0 6.40035 1.15000 1
./execute_sim20 50000 1 1 0.001 10 1 0 7.82264 1.15000 1
./execute_sim20 50000 1 1 0.001 10 1 0 9.24494 1.15000 1
./execute_sim20 50000 1 1 0.001 10 1 0 10.66720 1.15000 1
./execute_sim20 50000 1 1 0.001 10 1 0 12.08950 1.15000 1
./execute_sim20 50000 1 1 0.001 10 1 0 13.51180 1.15000 1
./execute_sim20 50000 1 1 0.001 10 1 0 14.93410 1.15000 1
./execute_sim20 50000 1 1 0.001 10 1 0 16.35640 1.15000 1
./execute_sim20 50000 1 1 0.001 10 1 0 17.77870 1.15000 1
./execute_sim20 50000 1 1 0.001 10 1 0 19.20100 1.15000 1
./execute_sim20 50000 1 1 0.001 10 1 0 20.62330 1.15000 1
./execute_sim20 50000 1 1 0.001 10 1 0 0.71115 1.25000 1
./execute_sim20 50000 1 1 0.001 10 1 0 2.13345 1.25000 1
./execute_sim20 50000 1 1 0.001 10 1 0 3.55575 1.25000 1
./execute_sim20 50000 1 1 0.001 10 1 0 4.97805 1.25000 1
./execute_sim20 50000 1 1 0.001 10 1 0 6.40035 1.25000 1
./execute_sim20 50000 1 1 0.001 10 1 0 7.82264 1.25000 1
./execute_sim20 50000 1 1 0.001 10 1 0 9.24494 1.25000 1
./execute_sim20 50000 1 1 0.001 10 1 0 10.66720 1.25000 1
./execute_sim20 50000 1 1 0.001 10 1 0 12.08950 1.25000 1
./execute_sim20 50000 1 1 0.001 10 1 0 13.51180 1.25000 1
./execute_sim20 50000 1 1 0.001 10 1 0 14.93410 1.25000 1
./execute_sim20 50000 1 1 0.001 10 1 0 16.35640 1.25000 1
./execute_sim20 50000 1 1 0.001 10 1 0 17.77870 1.25000 1
./execute_sim20 50000 1 1 0.001 10 1 0 19.20100 1.25000 1
./execute_sim20 50000 1 1 0.001 10 1 0 20.62330 1.25000 1
./execute_sim20 50000 1 1 0.001 10 1 0 0.71115 1.35000 1
./execute_sim20 50000 1 1 0.001 10 1 0 2.13345 1.35000 1
./execute_sim20 50000 1 1 0.001 10 1 0 3.55575 1.35000 1
./execute_sim20 50000 1 1 0.001 10 1 0 4.97805 1.35000 1
./execute_sim20 50000 1 1 0.001 10 1 0 6.40035 1.35000 1
./execute_sim20 50000 1 1 0.001 10 1 0 7.82264 1.35000 1
./execute_sim20 50000 1 1 0.001 10 1 0 9.24494 1.35000 1
./execute_sim20 50000 1 1 0.001 10 1 0 10.66720 1.35000 1
./execute_sim20 50000 1 1 0.001 10 1 0 12.08950 1.35000 1
./execute_sim20 50000 1 1 0.001 10 1 0 13.51180 1.35000 1
./execute_sim20 50000 1 1 0.001 10 1 0 14.93410 1.35000 1
./execute_sim20 50000 1 1 0.001 10 1 0 16.35640 1.35000 1
./execute_sim20 50000 1 1 0.001 10 1 0 17.77870 1.35000 1
./execute_sim20 50000 1 1 0.001 10 1 0 19.20100 1.35000 1
./execute_sim20 50000 1 1 0.001 10 1 0 20.62330 1.35000 1
./execute_sim20 50000 1 1 0.001 10 1 0 0.71115 1.45000 1
./execute_sim20 50000 1 1 0.001 10 1 0 2.13345 1.45000 1
./execute_sim20 50000 1 1 0.001 10 1 0 3.55575 1.45000 1
./execute_sim20 50000 1 1 0.001 10 1 0 4.97805 1.45000 1
./execute_sim20 50000 1 1 0.001 10 1 0 6.40035 1.45000 1
./execute_sim20 50000 1 1 0.001 10 1 0 7.82264 1.45000 1
./execute_sim20 50000 1 1 0.001 10 1 0 9.24494 1.45000 1
./execute_sim20 50000 1 1 0.001 10 1 0 10.66720 1.45000 1
./execute_sim20 50000 1 1 0.001 10 1 0 12.08950 1.45000 1
./execute_sim20 50000 1 1 0.001 10 1 0 13.51180 1.45000 1
./execute_sim20 50000 1 1 0.001 10 1 0 14.93410 1.45000 1
./execute_sim20 50000 1 1 0.001 10 1 0 16.35640 1.45000 1
./execute_sim20 50000 1 1 0.001 10 1 0 17.77870 1.45000 1
./execute_sim20 50000 1 1 0.001 10 1 0 19.20100 1.45000 1
./execute_sim20 50000 1 1 0.001 10 1 0 20.62330 1.45000 1