./execute_sim20 50000 1 1 0.001 10 1 0 2 0.05000 1
./execute_sim20 50000 1 1 0.001 10 1 0 7 0.05000 1
./execute_sim20 50000 1 1 0.001 10 1 0 14.22300 0.05000 1
./execute_sim20 50000 1 1 0.001 10 1 0 23 0.05000 1
./execute_sim20 50000 1 1 0.001 10 1 0 34 0.05000 1
./execute_sim20 50000 1 1 0.001 10 1 0 2 0.05000 2
./execute_sim20 50000 1 1 0.001 10 1 0 7 0.05000 2
./execute_sim20 50000 1 1 0.001 10 1 0 14.22300 0.05000 2
./execute_sim20 50000 1 1 0.001 10 1 0 23 0.05000 2
./execute_sim20 50000 1 1 0.001 10 1 0 34 0.05000 2
./execute_sim20 50000 1 1 0.001 10 1 0 2 0.05000 3
./execute_sim20 50000 1 1 0.001 10 1 0 7 0.05000 3
./execute_sim20 50000 1 1 0.001 10 1 0 14.22300 0.05000 3
./execute_sim20 50000 1 1 0.001 10 1 0 23 0.05000 3
./execute_sim20 50000 1 1 0.001 10 1 0 34 0.05000 3
./execute_sim20 50000 1 1 0.001 10 1 0 2 0.25000 1
./execute_sim20 50000 1 1 0.001 10 1 0 7 0.25000 1
./execute_sim20 50000 1 1 0.001 10 1 0 14.22300 0.25000 1
./execute_sim20 50000 1 1 0.001 10 1 0 23 0.25000 1
./execute_sim20 50000 1 1 0.001 10 1 0 34 0.25000 1
./execute_sim20 50000 1 1 0.001 10 1 0 2 0.25000 2
./execute_sim20 50000 1 1 0.001 10 1 0 7 0.25000 2
./execute_sim20 50000 1 1 0.001 10 1 0 14.22300 0.25000 2
./execute_sim20 50000 1 1 0.001 10 1 0 23 0.25000 2
./execute_sim20 50000 1 1 0.001 10 1 0 34 0.25000 2
./execute_sim20 50000 1 1 0.001 10 1 0 2 0.25000 3
./execute_sim20 50000 1 1 0.001 10 1 0 7 0.25000 3
./execute_sim20 50000 1 1 0.001 10 1 0 14.22300 0.25000 3
./execute_sim20 50000 1 1 0.001 10 1 0 23 0.25000 3
./execute_sim20 50000 1 1 0.001 10 1 0 34 0.25000 3
./execute_sim20 50000 1 1 0.001 10 1 0 2 0.60000 1
./execute_sim20 50000 1 1 0.001 10 1 0 7 0.60000 1
./execute_sim20 50000 1 1 0.001 10 1 0 14.22300 0.60000 1
./execute_sim20 50000 1 1 0.001 10 1 0 23 0.60000 1
./execute_sim20 50000 1 1 0.001 10 1 0 34 0.60000 1
./execute_sim20 50000 1 1 0.001 10 1 0 2 0.60000 2
./execute_sim20 50000 1 1 0.001 10 1 0 7 0.60000 2
./execute_sim20 50000 1 1 0.001 10 1 0 14.22300 0.60000 2
./execute_sim20 50000 1 1 0.001 10 1 0 23 0.60000 2
./execute_sim20 50000 1 1 0.001 10 1 0 34 0.60000 2
./execute_sim20 50000 1 1 0.001 10 1 0 2 0.60000 3
./execute_sim20 50000 1 1 0.001 10 1 0 7 0.60000 3
./execute_sim20 50000 1 1 0.001 10 1 0 14.22300 0.60000 3
./execute_sim20 50000 1 1 0.001 10 1 0 23 0.60000 3
./execute_sim20 50000 1 1 0.001 10 1 0 34 0.60000 3
./execute_sim20 50000 1 1 0.001 10 1 0 2 0.85000 1
./execute_sim20 50000 1 1 0.001 10 1 0 7 0.85000 1
./execute_sim20 50000 1 1 0.001 10 1 0 14.22300 0.85000 1
./execute_sim20 50000 1 1 0.001 10 1 0 23 0.85000 1
./execute_sim20 50000 1 1 0.001 10 1 0 34 0.85000 1
./execute_sim20 50000 1 1 0.001 10 1 0 2 0.85000 2
./execute_sim20 50000 1 1 0.001 10 1 0 7 0.85000 2
./execute_sim20 50000 1 1 0.001 10 1 0 14.22300 0.85000 2
./execute_sim20 50000 1 1 0.001 10 1 0 23 0.85000 2
./execute_sim20 50000 1 1 0.001 10 1 0 34 0.85000 2
./execute_sim20 50000 1 1 0.001 10 1 0 2 0.85000 3
./execute_sim20 50000 1 1 0.001 10 1 0 7 0.85000 3
./execute_sim20 50000 1 1 0.001 10 1 0 14.22300 0.85000 3
./execute_sim20 50000 1 1 0.001 10 1 0 23 0.85000 3
./execute_sim20 50000 1 1 0.001 10 1 0 34 0.85000 3
./execute_sim20 50000 1 1 0.001 10 1 0 2 1.10000 1
./execute_sim20 50000 1 1 0.001 10 1 0 7 1.10000 1
./execute_sim20 50000 1 1 0.001 10 1 0 14.22300 1.10000 1
./execute_sim20 50000 1 1 0.001 10 1 0 23 1.10000 1
./execute_sim20 50000 1 1 0.001 10 1 0 34 1.10000 1
./execute_sim20 50000 1 1 0.001 10 1 0 2 1.10000 2
./execute_sim20 50000 1 1 0.001 10 1 0 7 1.10000 2
./execute_sim20 50000 1 1 0.001 10 1 0 14.22300 1.10000 2
./execute_sim20 50000 1 1 0.001 10 1 0 23 1.10000 2
./execute_sim20 50000 1 1 0.001 10 1 0 34 1.10000 2
./execute_sim20 50000 1 1 0.001 10 1 0 2 1.10000 3
./execute_sim20 50000 1 1 0.001 10 1 0 7 1.10000 3
./execute_sim20 50000 1 1 0.001 10 1 0 14.22300 1.10000 3
./execute_sim20 50000 1 1 0.001 10 1 0 23 1.10000 3
./execute_sim20 50000 1 1 0.001 10 1 0 34 1.10000 3
./execute_sim20 50000 1 1 0.001 10 1 0 2 1.40000 1
./execute_sim20 50000 1 1 0.001 10 1 0 7 1.40000 1
./execute_sim20 50000 1 1 0.001 10 1 0 14.22300 1.40000 1
./execute_sim20 50000 1 1 0.001 10 1 0 23 1.40000 1
./execute_sim20 50000 1 1 0.001 10 1 0 34 1.40000 1
./execute_sim20 50000 1 1 0.001 10 1 0 2 1.40000 2
./execute_sim20 50000 1 1 0.001 10 1 0 7 1.40000 2
./execute_sim20 50000 1 1 0.001 10 1 0 14.22300 1.40000 2
./execute_sim20 50000 1 1 0.001 10 1 0 23 1.40000 2
./execute_sim20 50000 1 1 0.001 10 1 0 34 1.40000 2
./execute_sim20 50000 1 1 0.001 10 1 0 2 1.40000 3
./execute_sim20 50000 1 1 0.001 10 1 0 7 1.40000 3
./execute_sim20 50000 1 1 0.001 10 1 0 14.22300 1.40000 3
./execute_sim20 50000 1 1 0.001 10 1 0 23 1.40000 3
./execute_sim20 50000 1 1 0.001 10 1 0 34 1.40000 3
