1.
1.
1.
1.
1.
1.
1.
1.
1.
1.
1.
1.
1.
1.
1.
1.
1.
1.
1.
1.
0.999
0.987
0.975
0.992
0.939
0.997
0.684
0.994
0.968
0.982
0.606
0.964
0.962
0.929
0.986
0.994
0.983
0.993
0.987
0.978
0.91
0.965
0.996
0.998
0.581
0.979
0.955
0.98
0.997
0.978
0.992
0.693
0.948
0.998
0.818
0.786
0.999
0.636
0.882
0.995
0.996
0.99
0.625
0.908
0.957
0.998
0.972
0.987
0.993
0.942
0.994
0.992
0.987
0.982
0.96
0.967
0.094
0.017
0.021
0.004
0.01
0.023
0.009
0.005
0.013
0.014
0.005
0.013
0.009
0.005
0.007
0.049
0.001
0.025
0.014
0.02
0.008
0.001
0.007
0.01
0.004
0.01
0.027
0.006
0.005
0.022
0.011
0.005
0.01
0.004
0.023
0.015
0.002
0.034
0.003
0.009
0.006
0.052
0.007
0.005
0.006
0.008
0.009
0.006
0.005
0.002
0.019
0.008
0.005
0.003
0.008
0.03
0.016
0.072
0.019
0.009
0.008
0.011
0.01
0.006
0.06
0.007
0.01
0.052
0.002
0.019
0.012
0.017
0.005
0.017
0.008
0.005
0.017
0.047
0.012
0.053
0.011
0.004
0.009
0.
0.014
0.005
0.013
0.008
0.003
0.006
0.008
0.004
0.007
0.005
0.015
0.014
0.007
0.031
0.012
0.004
0.002
0.008
0.003
0.011
0.005
0.006
0.007
0.012
0.002
0.001
0.019
0.011
0.
0.005
0.007
0.025
0.008
0.019
0.002
0.002
0.015
0.001
0.012
0.015