1
14.527714
51
13.464604
101
14.899211
151
14.899211
201
14.899211
251
14.899211
301
14.899211
351
14.899211
401
14.899211
451
14.899211
501
14.899211
551
14.862122
601
14.93306
651
14.922067
701
14.815346
751
14.899211
801
14.899211
851
14.923488
901
14.896317
951
14.899211
1001
12.049922
1051
14.786083
1101
14.807365
1151
14.844181
1201
14.892033
1251
14.898099
1301
14.899211
1351
14.883784
1401
14.906735
1451
14.87618
1501
14.88532
1551
14.773685
1601
14.898774
1651
14.925592
1701
14.899211
1751
14.890967
1801
14.899211
1851
14.899211
1901
14.899211
1951
14.885349
2001
14.883951
2051
14.899211
2101
14.907381
2151
14.877026
2201
14.899211
2251
14.812164
2301
14.899211
2351
14.788439
2401
14.873755
2451
14.899211
2501
14.908745
2551
14.813922
2601
14.869944
2651
14.886405
2701
14.887606
2751
14.899211
2801
14.865606
2851
14.899211
2901
14.871585
2951
14.886314
3001
14.963166
3051
14.944491
3101
14.772757
3151
14.894812
3201
14.861004
3251
14.899211
3301
14.900312
3351
14.899211
3401
15.019316
3451
14.890323
3501
14.898423
3551
11.424742
3601
14.885768
3651
14.886969
3701
12.660385
3751
14.899211
3801
14.899211
3851
14.899211
3901
14.899211
3951
18.230204
4001
14.899211
4051
14.899211
4101
14.899211
4151
14.899211
4201
13.771439
4251
14.899211
4301
14.899211
4351
13.763806
4401
14.899211
4451
14.899211
4501
14.899211
4551
14.899211
4601
14.899211
4651
14.899211
4701
14.899211
4751
14.899211
4801
15.544226
4851
14.899211
4901
14.899211
4951
14.899211
5001
14.899211
5051
14.899211
5101
14.899211
5151
14.899211
5201
12.895528
5251
14.899211
5301
14.899211
5351
14.899211
5401
14.899211
5451
14.899211
5501
14.899211
5551
14.899211
5601
14.899211
5651
14.899211
5701
14.899211
5751
14.899211
5801
14.899211
5851
14.899211
5901
14.899211
5951
14.899211
6001
16.396233
6051
14.899211
6101
14.899211
6151
14.899211
6201
14.899211
6251
14.899211
6301
14.899211
6351
14.899211
6401
14.899211
6451
14.899211
6501
14.899211
6551
14.718116
6601
14.899211
6651
14.970056
6701
14.899211
6751
13.555067
6801
8.850562
6851
8.850562
6901
8.850562
6951
8.850562
7001
8.850562
7051
8.850562
7101
8.850562
7151
8.850562
7201
8.850562
7251
8.850562
7301
8.850562
7351
8.850562
7401
8.850562
7451
8.850562
7501
8.850562
7551
8.850562
7601
8.850562
7651
8.850562
7701
8.850562
7751
8.850562
7801
8.850562
7851
8.850562
7901
8.850562
7951
-500.
8001
8.850562
8051
8.850562
8101
15.381853
8151
17.161789
8201
17.161789
8251
21.042891
8301
17.161789
8351
17.161789
8401
17.161789
8451
17.161789
8501
17.161789
8551
17.161789
8601
17.161789
8651
17.161789
8701
17.161789
8751
17.161789
8801
17.161789
8851
17.161789
8901
17.161789
8951
17.161789
9001
17.161789
9051
17.161789
9101
17.161789
9151
17.161789
9201
17.161789
9251
17.161789
9301
17.161789
9351
17.161789
9401
-500.
9451
17.161789
9501
17.161789
9551
17.161789
9601
17.161789
9651
17.161789
9701
17.161789
9751
17.161789
9801
17.161789
9851
17.161789
9901
17.161789
9951
17.161789