0.
0.
0.
0.
0.
0.
0.
0.
0.
0.
0.
0.
0.
0.
0.
0.
0.
0.
0.
0.
0.001
0.013
0.025
0.008
0.061
0.003
0.316
0.006
0.032
0.018
0.394
0.036
0.038
0.071
0.014
0.006
0.017
0.007
0.013
0.022
0.09
0.035
0.004
0.002
0.419
0.021
0.045
0.02
0.003
0.022
0.008
0.307
0.052
0.002
0.182
0.214
0.001
0.364
0.118
0.005
0.004
0.01
0.375
0.092
0.043
0.002
0.028
0.013
0.007
0.058
0.006
0.008
0.013
0.018
0.04
0.033
0.906
0.983
0.979
0.996
0.99
0.977
0.991
0.995
0.987
0.986
0.995
0.987
0.991
0.995
0.993
0.951
0.999
0.975
0.986
0.98
0.992
0.999
0.993
0.99
0.996
0.99
0.973
0.994
0.995
0.978
0.989
0.995
0.99
0.996
0.977
0.985
0.998
0.966
0.997
0.991
0.994
0.948
0.993
0.995
0.994
0.992
0.991
0.994
0.995
0.998
0.981
0.992
0.995
0.997
0.992
0.97
0.984
0.928
0.981
0.991
0.992
0.989
0.99
0.994
0.94
0.993
0.99
0.948
0.998
0.981
0.988
0.983
0.995
0.983
0.992
0.995
0.983
0.953
0.988
0.947
0.989
0.996
0.991
1.
0.986
0.995
0.987
0.992
0.997
0.994
0.992
0.996
0.993
0.995
0.985
0.986
0.993
0.969
0.988
0.996
0.998
0.992
0.997
0.989
0.995
0.994
0.993
0.988
0.998
0.999
0.981
0.989
1.
0.995
0.993
0.975
0.992
0.981
0.998
0.998
0.985
0.999
0.988
0.985