1
0.
51
0.
101
0.
151
0.
201
0.
251
0.
301
0.
351
0.
401
0.
451
0.
501
0.
551
0.
601
0.
651
0.
701
0.
751
0.
801
0.
851
0.
901
0.
951
0.
1001
4.076245
1051
3.876745
1101
1.662984
1151
1.305937
1201
0.818895
1251
10.165226
1301
0.586864
1351
2.905315
1401
1.407715
1451
3.74479
1501
0.543221
1551
0.550437
1601
0.532627
1651
0.731132
1701
1.410332
1751
5.246803
1801
1.274108
1851
4.520719
1901
2.63634
1951
1.08401
2001
0.424172
2051
1.246332
2101
11.27702
2151
0.408722
2201
0.562493
2251
0.970508
2301
1.217473
2351
1.781185
2401
0.377288
2451
2.400479
2501
2.239509
2551
0.583173
2601
1.181176
2651
7.678928
2701
0.395987
2751
0.480522
2801
0.461096
2851
0.458714
2901
0.421824
2951
3.28812
3001
0.380095
3051
1.839269
3101
0.459497
3151
0.566576
3201
0.788983
3251
7.681604
3301
1.444185
3351
1.508806
3401
8.719328
3451
0.913196
3501
2.813402
3551
1.286098
3601
0.424865
3651
1.19651
3701
5.070132
3751
11.573631
3801
14.591488
3851
14.085466
3901
15.907092
3951
14.33541
4001
14.68681
4051
15.701284
4101
14.903374
4151
14.035787
4201
15.412003
4251
14.702657
4301
15.653217
4351
15.145258
4401
13.355045
4451
14.352244
4501
14.296902
4551
14.140273
4601
14.754731
4651
16.003897
4701
14.746994
4751
15.275757
4801
15.347565
4851
14.499297
4901
15.666366
4951
14.398813
5001
15.549321
5051
14.729461
5101
14.68942
5151
15.382637
5201
14.072713
5251
14.862666
5301
15.952407
5351
15.519881
5401
15.014968
5451
14.197265
5501
14.626863
5551
13.997556
5601
14.25487
5651
15.699828
5701
15.589915
5751
14.456767
5801
14.280769
5851
16.253199
5901
15.516559
5951
14.732234
6001
15.246214
6051
15.094505
6101
13.751177
6151
14.367041
6201
13.996746
6251
15.317907
6301
15.949086
6351
15.026431
6401
14.333276
6451
14.855744
6501
15.085997
6551
15.766124
6601
15.164086
6651
14.137147
6701
14.695628
6751
14.117392
6801
14.872003
6851
16.72922
6901
16.160483
6951
14.944825
7001
15.665943
7051
14.967475
7101
13.987999
7151
14.275227
7201
15.273526
7251
15.427339
7301
15.63483
7351
15.206959
7401
14.340303
7451
14.460454
7501
13.841499
7551
13.692038
7601
14.397163
7651
14.914234
7701
15.627109
7751
13.765512
7801
14.498978
7851
14.137077
7901
15.864516
7951
15.319159
8001
14.543359
8051
13.807815
8101
16.127388
8151
15.227703
8201
15.050665
8251
15.762062
8301
15.673547
8351
14.012057
8401
15.728072
8451
14.030788
8501
14.857116
8551
15.380105
8601
14.611953
8651
15.347676
8701
14.598781
8751
15.196328
8801
16.440634
8851
14.546947
8901
15.741319
8951
15.515866
9001
15.433744
9051
14.646933
9101
15.394263
9151
13.941664
9201
14.210399
9251
15.8606
9301
13.817748
9351
13.873925
9401
15.537725
9451
15.748846
9501
14.703136
9551
15.732435
9601
14.801038
9651
14.453115
9701
16.310891
9751
15.405802
9801
14.943981
9851
13.934063
9901
15.599668
9951
14.593895