0
0
0
0
0
0
0
0
0
0
0
0
0
0
0
0
0
0
0
0
0
0
0
0
0
0
0
0
0
0
0
0
0
0
0
0
0
0
0
0
0
0
0
0
0
0
0
0
0
0
0
0
0
0
0
0
0
0
0
0
0
0
0
0
0
0
0
0
0
0
0
0
0
0
0
0
0
0
0
0
0
0
0
0
0
0
0
0
0
0
0
0
0
0
0
0
0
0
0
0
0
0
0
0
0
0
0
0
0
0
0
0
0
0
0
0
0
0
0
0
0
0
0
0
0
0
0
0
0
0
0
0
0
0
0
0
0
0
0
0
0
0
0
0
0
0
0
0
0
0
0
0
0
0
0
0
0
0
0
0
0
0
0
0
0
0
0
0
0
0
0
0
0
0
0
0
0
0
0
0
0
0
0
0
0
0
0
0
0
0
0
0
0
0
0
0
0
0
0
0
0
0
0
0
0
0
0
0
0
0
0
0
0
0
0
0
0
0
0
0
0
0
0
0
0
0
0
0
0
0
0
0
0
0
0
0
0
0
0
0
0
0
0
0
0
0
0
0
0
0
0
0
0
0
0
0
0
0
0
0
0
0
0
0
0
0
0
0
0
0
0
0
0
0
0
0
0
0
0
0
0
0
0
0
0
0
0
0
0
0
0
0
0
0
0
0
0
0
0
0
0
0
0
0
0
0
0
0
0
0
0
0
0
0
0
0
0
0
0
0
0
0
0
0
0
0
0
0
0
0
0
0
0
0
0
0
0
0
0
0
0
0
0
0
0
0
0
0
0
0
0
0
0
0
0
0
0
0
0
0
0
0
0
0
0
0
0
0
0
0
0
0
0
0
0
0
0
0
0
0
0
0
0
0
0
0
0
0
0
0
0
0
0
0
0
0
0
0
0
0
0
0
0
0
0
0
0
0
0
0
0
0
0
0
0
0
0
0
0
0
0
0
0
0
0
0
0
0
0
0
0
0
0
0
0
0
0
0
0
0
0
0
0
0
0
0
0
0
0
0
0
0
0
0
0
0
0
0
0
0
0
0
0
0
0
0
0
0
0
0
0
0
0
0
0
0
0
0
0
0
0
0
0
0
0
0
0
0
0
0
0
0
0
0
0
0
0
0
0
0
0
0
0
0
0
0
0
0
0
0
0
0
0
0
0
0
0
0
0
0
0
0
0
0
0
0
0
0
0
0
0
0
0
0
0
0
0
0
0
0
0
0
0
0
0
0
0
0
0
0
0
0
0
0
0
0
0
0
0
0
0
0
0
0
0
0
0
0
0
0
0
0
0
0
0
0
0
0
0
0
0
0
0
0
0
0
0
0
0
0
0
0
0
0
0
0
0
0
0
0
0
0
0
0
0
0
0
0
0
0
0
0
0
0
0
0
0
0
0
0
0
0
0
0
0
0
0
0
0
0
0
0
0
0
0
0
0
0
0
0
0
0
0
0
0
0
0
0
0
0
0
0
0
0
0
0
0
0
0
0
0
0
0
0
0
0
0
0
0
0
0
0
0
0
0
0
0
0
0
0
0
0
0
0
0
0
0
0
0
0
0
0
0
0
0
0
0
0
0
0
0
0
0
0
0
0
0
0
0
0
0
0
0
0
0
0
0
0
0
0
0
0
0
0
0
0
0
0
0
0
0
0
0
0
0
0
0
0
0
0
0
0
0
0
0
0
0
0
0
0
0
0
0
0
0
0
0
0
0
0
0
0
0
0
0
0
0
0
0
0
0
0
0
0
0
0
0
0
0
0
0
0
0
0
0
0
0
0
0
0
0
0
0
0
0
0
0
0
0
0
0
0
0
0
0
0
0
0
0
0
0
0
0
0
0
0
0
0
0
0
0
0
0
0
0
0
0
0
0
0
0
0
0
0
0
0
0
0
0
0
0
0
0
0
0
0
0
0
0
0
0
0
0
0
0
0
0
0
0
0
0
0
0
0
0
0
0
0
0
0
0
0
0
0
0
0
0
0
0
0
0
0
0
0
0
0
0
0
0
0
0
0
0
0
0
0
0
0
0
0
0
0
0
0
0
0
0
0
0
0
0
0
0
0
0
0
0
0
0
0
0
0
0
0
0
0
0
0
0
0
0
0
0
0
0
0
0
0
0
0
0
0
0
0
0
0
0
0
0
0
0
0
0
0
0
0
0
0
0
0
0
0
0
0
0
0
0
0
0
0
0
0
0
0
0
0
0
0
0
0
0
0
0
0
0
0
0
0
0
0
0
0
0
0
0
0
0
0
0
0
1
0
2
3
3
2
2
4
5
5
5
6
7
4
7
7
4
2
1
2
4
5
9
16
20
25
34
51
56
75
55
53
52
41
50
66
80
74
84
84
80
46
31
21
18
17
16
20
20
18
13
18
13
16
12
12
9
6
6
3
4
5
2
3
3
2
2
4
8
5
4
6
2
4
0
1
0
2
4
6
5
5
5
1
2
3
2
3
9
7
8
7
10
15
13
13
14
21
28
25
25
33
36
29
31
53
60
66
74
73
82
81
85
72
87
83
72
86
81
65
56
39
28
26
23
13
4
5
4
7
3
1
3
2
1
1
0
0
1
3
2
4
6
5
3
4
7
7
5
5
8
10
10
12
10
6
2
3
2
2
3
4
2
0
1
3
4
5
3
4
5
8
16
17
27
41
43
63
69
65
92
89
87
85
82
79
78
87
102
112
127
126
133
119
120
115
104
105
98
73
61
48
47
42
34
29
26
18
15
16
18
22
36
40
45
40
49
41
28
22
14
15
18
17
9
5
3
2
2
2
3
3
5
8
2
3
5
3
2
0
0
0
5
6
5
4
2
2
3
5
3
2
1
2
0
1
2
10
13
11
11
13
10
10
15
16
12
16
23
35
44
42
58
57
52
53
59
68
70
65
49
68
66
102
121
131
164
160
173
193
209
209
229
225
236
253
249
252
281
301
316
338
412
438
470
470
480
491
469
442
475
455
444
430
415
408
407
383
343
263
192
128
80
65
41
56
57
65
95
87
69
51
29
27
12
14
11
10
7
4
4
3
1
0
1
3
2
2
5
4
6
9
17
34
38
41
46
37
35
21
17
16
14
17
5
4
8
18
14
13
16
20
13
19
16
14
15
11
22
10
9
7
7
5
3
1
1
1
1
0
2
3
5
7
11
11
9
13
18
30
32
42
36
41
29
18
13
7
6
7
10
9
5
1
3
6
10
3
1
1
2
2
2
2
1
3
2
5
4
4
1
2
0
2
2
2
4
5
1
0
1
0
1
2
3
2
7
4
9
14
18
12
17
28
29
26
33
40
53
53
68
73
91
87
82
63
56
70
50
46
55
72
86
105
114
136
131
117
122
146
170
205
244
254
256
239
243
227
199
168
157
166
149
175
191
229
272
314
350
379
394
389
397
380
359
348
309
278
257
218
202
193
217
227
269
308
328
315
282
279
249
223
206
191
164
147
166
187
207
204
214
202
192
184
183
151
130
112
78
63
44
34
39
29
26
14
20
19
19
21
36
39
44
36
40
37
39
41
43
44
41
53
61
68
73
90
109
132
150
186
210
197
194
189
201
187
193
209
229
235
219
200
174
156
142
111
97
81
71
64
61
54
46
52
52
64
64
67
59
49
38
31
37
26
11
14
9
5
2
0
1
0
1
1
1
0
0
3
0
0
1
5
8
6
3
8
18
28
39
41
40
36
27
14
11
7
6
5
2
3
4
3
5
12
20
30
43
58
67
72
71
68
76
69
45
44
44
31
19
20
28
26
23
16
11
11
9
10
8
8
6
6
5
11
5
4
2
5
5
5
9
4
1
2
3
4
2
1
4
3
4
4
3
6
6
4
3
4
4
9
14
15
11
11
10
10
10
11
9
6
2
2
0
0
1
2
1
0
1
1
0
0
0
0
0
4
2
9
12
10
15
21
22
20
14
14
13
14
20
21
31
44
57
54
42
27
20
15
9
6
6
5
2
0
0
1
1
0
0
2
3
5
4
5
3
3
4
4
8
6
2
4
4
6
2
2
2
3
8
6
4
1
0
2
4
8
9
7
5
3
4
6
9
9
9
6
10
11
19
11
17
17
10
6
4
4
5
7
8
9
7
7
9
4
4
1
1
1
3
4
8
7
5
5
8
9
11
6
6
5
5
7
5
6
14
8
7
13
12
6
8
7
9
9
4
1
1
1
3
4
7
5
4
6
8
5
4
5
8
10
18
20
30
26
13
16
18
21
17
10
13
5
5
2
7
5
5
5
7
7
5
5
3
2
7
6
11
9
8
5
2
4
4
5
4
7
12
13
12
8
13
20
16
11
19
27
34
50
76
89
108
118
93
90
96
77
72
75
73
60
50
44
27
26
20
21
14
19
21
37
40
68
91
99
107
99
76
53
52
55
64
52
47
44
44
47
48
32
26
24
22
16
13
7
1
0
1
4
8
10
15
23
33
34
39
56
58
71
75
64
74
69
81
103
111
117
116
117
107
111
136
148
161
169
175
178
181
177
170
161
158
157
153
148
136
133
110
89
102
96
90
74
65
58
52
42
35
36
36
26
14
11
12
11
9
7
9
9
15
36
52
59
65
61
56
61
53
57
53
61
49
58
54
41
40
42
45
40
43
35
41
38
35
47
52
62
47
46
33
36
35
25
30
21
16
20
21
27
46
68
69
69
72
71
81
70
65
48
41
33
24
17
12
12
11
20
15
17
17
10
8
6
6
6
8
7
8
6
2
1
2
2
3
1
4
5
5
6
6
5
4
9
9
7
3
8
5
4
4
2
3
4
7
9
13
23
51
88
107
143
196
205
233
234
244
220
192
151
155
126
118
114
101
94
81
72
45
26
17
12
18
17
9
9
2
1
2
1
3
5
2
3
6
12
12
13
17
7
8
8
10
15
20
37
32
50
62
83
109
138
154
161
164
171
164
175
162
170
187
214
228
234
238
257
273
290
303
330
359
346
364
342
373
410
404
422
424
415
448
435
419
413
386
357
356
320
285
280
262
273
236
217
208
201
181
165
164
169
153
132
112
100
93
89
77
81
62
55
47
35
36
37
43
47
46
44
50
36
32
30
20
21
25
23
23
30
26
27
28
23
21
18
13
16
18
29
35
40
40
41
31
38
37
47
54
46
42
44
44
44
34
39
44
50
31
37
38
44
37
41
48
50
46
37
32
38
37
37
29
30
33
24
31
29
32
39
38
33
40
47
45
40
49
44
52
57
52
60
54
44
39
41
39
35
35
37
39
30
22
22
17
26
30
24
29
27
25
21
16
17
13
13
18
20
16
15
12
11
9
8
11
9
13
15
15
16
19
13
10
13
20
21
28
24
21
20
21
19
18
14
15
15
15
13
22
23
13
10
13
19
16
13
13
11
7
8
3
0
0
0
0
1
5
6
11
7
7
5
6
6
6
10
15
20
16
14
8
4
3
1
3
3
2
0
0
2
4
6
8
9
16
16
15
15
17
20
27
25
24
15
15
25
25
31
18
12
7
2
3
0
0
1
1
3
2
5
8
7
9
4
4
7
10
10
7
10
9
9
9
14
22
18
12
9
5
7
6
9
4
4
10
22
26
22
14
7
4
4
10
9
20
24
24
44
31
29
24
21
12
19
29
28
37
38
54
32
21
20
20
25
24
20
17
6
9
10
9
7
9
6
8
6
10
10
14
20
18
14
6
11
8
13
11
10
13
20
18
19
27
29
32
32
44
51
58
51
53
63
67
72
75
75
87
87
95
107
121
151
154
170
194
202
242
246
242
243
266
256
300
309
307
309
296
287
291
347
364
416
427
450
440
429
411
387
364
393
399
413
392
379
338
328
319
314
284
273
261
249
245
237
227
209
187
200
217
212
222
197
175
183
160
150
141
130
105
95
88
86
57
48
52
42
42
41
41
29
20
16
17
14
18
9
10
12
16
10
10
19
25
22
20
28
23
29
18
22
24
22
33
31
34
31
25
22
28
32
29
24
30
30
21
15
9
11
6
6
4
9
9
2
2
2
4
4
4
2
0
1
2
2
2
6
5
6
13
12
9
9
12
11
6
5
3
3
7
14
15
7
3
2
2
3
3
1
2
4
6
8
6
5
3
10
22
29
31
35
46
62
93
134
182
254
300
353
381
418
472
515
514
512
478
461
439
400
384
336
283
247
204
146
113
96
77
56
53
56
61
56
74
96
125
143
166
191
215
259
244
276
285
303
337
331
323
327
316
294
287
251
234
240
214
182
152
106
77
49
42
19
25
23
30
40
49
56
78
90
127
148
174
201
226
242
214
167
127
130
116
103
90
79
79
71
57
60
58
56
39
19
16
13
15
17
17
12
6
7
4
3
3
4
1
1
5
8
9
7
4
1
3
5
4
3
3
4
4
5
10
15
14
19
35
23
29
43
59
89
116
159
183
216
238
232
244
241
259
271
271
285
316
362
354
313
312
293
283
271
258
275
291
330
364
393
399
424
430
425
419
400
371
340
309
254
192
137
74
38
28
25
16
16
10
12
18
23
19
14
13
20
31
34
39
66
66
70
84
94
88
83
95
95
92
83
86
100
129
125
124
115
118
129
118
133
138
163
193
213
261
256
275
274
280
270
242
214
211
202
186
163
169
185
199
216
228
210
170
164
141
116
91
82
72
56
31
19
10
5
2
0
0
1
1
4
5
7
7
7
3
8
3
3
5
12
16
25
37
39
38
37
39
26
17
10
13
7
8
5
6
7
4
9
11
7
5
11
12
12
20
31
26
21
19
15
20
15
14
10
9
11
8
6
3
5
6
9
6
4
2
4
4
7
4
15
19
16
9
7
11
16
11
2
2
4
4
6
6
9
8
10
9
10
6
3
4
5
11
6
7
7
9
8
8
7
4
6
3
0
2
6
6
7
10
5
10
13
11
5
2
2
3
6
10
12
19
17
17
12
12
12
4
5
9
13
16
26
23
24
32
32
33
29
16
14
12
14
17
22
33
37
59
84
89
109
120
136
165
192
211
206
234
259
306
282
291
304
311
331
358
400
406
389
375
362
374
348
306
292
237
192
153
142
116
92
73
47
40
29
20
15
11
12
10
8
7
14
25
34
57
71
79
105
116
144
154
181
187
204
209
201
171
149
150
144
139
117
137
133
129
119
104
106
92
100
86
77
87
80
67
47
29
23
18
9
2
1
0
1
2
4
15
18
10
15
18
18
22
28
31
32
23
19
12
7
8
10
11
6
9
8
14
17
22
31
28
37
50
46
55
63
63
52
43
38
36
55
49
45
35
29
19
23
18
15
11
6
4
5
8
14
13
14
31
24
17
26
22
25
18
16
15
15
19
14
18
12
18
18
21
19
5
8
12
9
10
6
7
5
8
5
1
2
2
0
1
0
0
0
0
0
4
4
5
3
6
15
20
17
17
30
31
32
39
43
51
52
51
47
40
38
31
22
13
10
10
13
14
13
22
25
24
19
19
16
12
10
11
5
7
9
16
25
28
37
39
29
29
30
24
19
10
2
1
2
8
19
30
27
27
22
13
10
11
19
27
17
18
15
16
20
20
24
27
19
16
21
10
9
9
13
11
11
18
14
8
14
9
4
5
8
8
9
13
14
13
14
12
10
9
4
3
6
7
6
6
10
20
32
49
49
78
98
95
96
122
164
191
202
229
238
242
254
249
277
276
277
255
219
207
212
230
198
183
155
114
84
57
38
26
17
11
6
7
11
7
3
0
3
1
2
4
9
9
8
8
6
3
2
1
2
7
11
21
29
51
58
54
51
58
61
43
28
19
12
7
3
5
2
3
4
6
2
1
2
7
7
20
19
34
35
52
44
58
61
69
70
47
47
39
37
16
12
14
16
21
23
31
35
39
44
51
57
67
66
65
59
41
30
18
11
8
4
3
1
1
0
0
1
2
5
9
11
21
20
16
22
21
26
15
16
7
6
6
14
12
17
17
14
11
9
13
3
3
2
1
1
1
4
9
6
1
2
2
5
9
12
14
12
15
20
25
16
13
7
6
5
5
0
1
2
0
2
1
2
2
4
5
5
7
7
6
9
8
2
2
2
5
6
6
4
2
1
5
11
17
17
19
18
15
13
15
12
11
11
12
15
17
23
17
19
14
14
12
17
17
14
8
5
8
6
5
6
3
3
1
0
0
2
3
4
9
14
13
13
11
3
2
2
3
6
1
2
3
1
1
1
3
2
5
5
5
5
6
3
5
6
9
12
13
17
10
9
12
18
15
21
12
9
5
7
16
19
16
14
9
3
1
3
2
7
7
9
18
23
19
27
15
8
4
6
8
8
8
12
25
28
31
34
45
56
42
30
34
37
52
69
69
87
123
145
164
180
199
206
212
218
229
225
232
210
226
225
214
207
178
177
136
101
85
70
63
56
40
34
23
12
6
5
2
1
0
3
1
2
2
2
7
20
31
43
54
67
73
98
128
147
146
141
171
188
184
206
220
201
182
148
135
108
106
82
78
60
50
54
37
23
12
16
19
24
25
28
33
39
44
44
48
43
39
36
40
38
57
71
85
82
76
67
59
71
99
123
178
211
274
273
279
295
320
332
358
394
434
511
567
606
665
685
724
743
763
784
795
804
816
824
843
855
854
868
875
881
906
911
940
964
968
970
973
975
974
977
987
986
996
997
996
997
996
999
998
997
1000
1000
1000
1000
999
997
994
990
992
990
990
989
989
984
981
986
991
991
988
977
965
953
942
950
945
949
946
946
971
981
983
987
985
991
993
991
994
992
989
987
987
982
992
991
992
993
996
994
987
992
989
986
992
999
999
997
999
1000
999
997
995
994
994
992
991
990
996
996
994
990
986
981
978
980
990
994
985
980
983
983
979
975
970
977
973
974
975
978
987
996
999
998
999
999
1000
996
996
994
989
992
990
990
990
981
979
982
979
978
977
977
980
982
986
983
979
977
980
979
988
990
991
984
984
983
985
986
987
985
987
990
996
994
992
997
998
997
995
995
995
997
996
995
994
996
998
998
993
996
995
991
984
980
980
989
981
988
985
984
976
968
977
981
989
990
995
996
994
992
989
986
988
982
981
987
991
999
997
997
995
996
990
990
988
986
991
995
993
991
990
991
991
994
995
996
993
993
989
990
983
986
979
983
976
974
974
966
964
971
972
974
982
990
985
989
985
986
987
987
987
984
985
985
979
980
981
979
974
983
977
977
977
974
970
965
959
953
939
943
943
950
959
967
973
979
983
987
985
989
993
995
995
997
992
994
992
994
994
995
995
997
995
995
995
998
997
997
999
1000
999
997
997
992
992
993
993
989
992
993
994
991
991
995
996
996
996
995
990
989
985
986
984
989
991
993
987
976
975
972
965
970
976
976
984
978
982
984
989
990
990
995
994
993
996
999
997
997
997
998
999
999
996
998
996
995
999
997
996
993
995
992
995
997
998
995
994
990
993
994
993
987
992
993
996
996
991
990
983
984
994
996
998
997
996
996
994
990
988
994
992
996
996
996
996
996
990
988
984
984
980
977
977
977
978
974
976
989
980
979
980
985
987
983
972
966
971
974
968
972
986
984
978
985
973
973
978
977
970
966
966
956
960
961
965
964
970
973
977
977
978
971
968
973
972
984
984
986
991
989
987
985
983
986
986
988
987
988
989
985
981
982
986
981
979
979
976
973
969
965
967
969
970
961
965
975
984
994
992
990
985
982
992
987
981
985
986
982
986
988
982
976
981
984
986
988
992
996
993
991
988
994
994
997
1000
1000
1000
998
998
997
996
996
995
997
996
995
997
997
999
999
998
998
1000
1000
998
996
997
996
994
991
992
993
998
996
998
999
997
998
997
994
997
997
998
994
992
984
976
964
960
952
940
944
946
948
949
950
956
953
970
970
976
981
987
987
990
993
996
998
998
993
990
990
997
996
998
997
996
998
998
998
998
998
997
997
997
998
996
991
992
993
997
998
998
993
998
996
993
992
994
993
989
990
987
995
987
988
988
987
991
993
994
991
991
995
997
997
998
997
995
993
996
997
996
997
993
996
1000
1000
1000
998
997
994
995
993
994
993
992
990
987
984
988
992
992
991
991
990
993
987
986
989
988
993
995
997
991
993
992
992
997
998
994
995
995
994
996
994
991
993
992
994
994
993
986
984
976
975
981
988
988
992
988
989
991
983
979
985
991
994
998
996
993
989
987
987
986
984
985
987
989
985
987
989
990
990
988
979
983
984
990
989
993
994
993
993
991
993
989
976
985
986
980
975
973
978
980
981
985
984
975
963
955
959
972
973
967
963
967
968
966
973
978
975
974
975
988
987
990
997
999
999
999
996
991
986
974
965
972
964
964
960
963
959
951
958
957
951
956
966
961
961
969
971
977
977
978
981
984
983
983
982
985
984
986
983
984
987
987
989
987
992
992
992
992
996
996
995
994
996
995
994
992
993
994
992
996
998
1000
999
1000
999
999
999
999
998
998
996
992
989
995
994
992
980
983
984
984
982
979
977
984
984
985
984
980
982
982
986
985
986
989
988
991
987
983
984
983
986
984
983
988
990
988
986
979
986
991
987
985
987
985
979
977
978
975
976
978
984
974
979
979
966
975
975
981
986
990
987
994
994
996
999
999
1000
1000
999
996
997
998
999
997
1000
998
999
997
998
997
999
999
996
989
989
991
983
985
983
982
980
979
987
987
983
986
984
986
985
983
989
988
992
986
987
986
987
986
982
987
990
991
989
986
984
985
981
981
977
978
984
986
994
996
993
994
992
994
993
996
993
996
995
996
994
992
990
988
993
994
991
987
984
985
981
976
977
980
975
973
971
965
954
959
955
941
927
910
901
891
893
887
877
884
879
897
906
916
911
923
941
955
973
974
975
977
985
991
992
993
995
994
995
997
998
997
998
996
997
996
995
992
990
990
995
995
995
992
995
993
993
987
994
996
996
996
997
999
998
996
995
993
989
989
989
991
989
988
984
989
991
994
991
988
987
995
997
996
996
995
997
999
1000
1000
999
999
996
995
998
998
994
994
993
992
994
998
998
999
998
999
996
994
987
985
987
988
983
982
985
983
978
983
989
989
986
979
967
969
967
970
968
951
954
957
952
951
956
960
970
972
981
981
980
985
981
985
981
987
981
983
989
991
990
988
991
989
992
993
992
991
992
994
1000
999
998
998
998
998
998
997
996
997
998
996
993
994
994
996
996
994
993
990
992
987
991
984
985
983
985
983
986
986
984
984
987
985
987
981
981
984
990
991
991
995
992
992
993
990
988
993
995
999
998
997
994
994
993
991
989
991
987
988
991
985
986
986
983
991
994
990
990
989
987
989
994
994
994
992
990
989
987
990
985
988
991
998
997
997
995
997
994
994
997
995
997
997
995
996
993
992
995
991
984
977
974
978
978
978
976
978
981
979
982
988
985
986
985
987
983
985
990
986
985
986
986
991
997
997
991
996
994
995
996
998
997
992
990
989
984
989
993
992
988
980
985
985
992
990
988
980
980
979
975
959
968
979
970
973
964
972
974
982
978
986
986
988
988
987
991
998
997
998
998
999
997
998
998
999
998
1000
999
998
995
998
998
997
996
991
990
990
984
985
981
977
982
977
977
973
973
977
970
976
973
968
978
982
978
966
969
966
972
977
985
986
984
981
985
988
987
985
986
986
993
995
993
992
992
994
995
998
999
1000
999
998
998
997
994
990
989
987
984
982
981
977
982
984
983
994
995
997
997
996
992
991
991
994
991
993
995
995
998
999
996
994
994
991
987
988
986
988
983
982
980
982
987
991
994
998
996
993
990
992
993
995
994
997
998
996
997
995
991
993
995
995
997
993
996
995
997
1000
999
996
999
998
996
997
998
999
997
998
992
989
994
994
995
997
994
993
989
986
986
990
994
993
989
981
980
984
988
988
989
987
986
984
976
962
956
950
943
934
941
948
952
962
966
981
979
978
978
975
972
975
985
988
987
996
996
995
990
991
987
983
976
988
983
985
987
984
982
978
983
982
985
982
981
990
998
999
998
997
992
988
974
979
976
974
963
957
947
943
944
959
963
967
979
980
981
989
981
985
980
974
982
986
985
985
994
993
993
991
990
990
993
998
1000
1000
1000
1000
998
997
993
996
999
997
998
1000
999
998
999
997
997
994
989
991
992
991
995
990
992
997
999
998
996
998
996
996
995
995
997
997
999
999
998
999
998
998
999
998
996
996
997
994
996
992
988
994
996
991
993
992
991
992
991
992
987
986
980
982
982
982
980
978
979
980
983
985
990
992
988
986
984
990
993
992
993
990
989
990
992
995
993
992
991
994
993
995
993
994
990
990
988
983
972
968
974
982
987
985
984
984
988
987
990
992
993
994
994
989
991
990
980
988
987
986
983
985
985
995
996
995
990
990
992
993
989
992
994
996
990
995
998
999
998
997
999
999
999
998
997
996
990
993
991
994
992
984
981
979
983
978
980
971
976
979
985
986
989
992
989
994
992
993
993
996
996
995
996
993
992
994
993
992
989
985
987
982
975
977
973
982
984
982
984
987
986
985
994
989
984
982
984
988
992
996
990
989
985
986
987
984
980
981
982
980
982
988
995
993
995
997
995
993
984
976
973
964
959
956
953
945
955
959
962
976
975
976
980
985
989
988
993
991
990
994
993
996
988
991
992
995
995
995
989
990
986
990
991
989
990
992
996
996
996
994
993
990
989
992
991
987
981
983
977
970
974
975
979
985
983
986
982
985
991
982
989
994
993
998
998
996
994
992
992
993
992
995
988
985
984
985
984
980
984
985
987
992
992
990
990
992
995
995
993
994
997
992
988
990
983
982
988
991
989
994
990
991
997
992
993
991
991
989
989
982
976
968
966
966
970
973
975
984
991
993
995
997
999
998
999
998
999
998
995
993
989
984
981
982
986
979
969
974
981
983
987
991
991
991
994
997
993
993
996
994
993
997
997
995
997
999
999
999
1000
999
1000
998
997
997
992
989
987
986
990
992
995
994
996
993
991
991
994
991
987
993
993
993
996
997
997
998
994
991
994
993
993
994
995
988
987
984
986
989
993
991
990
992
997
994
995
991
989
992
987
989
991
994
992
991
995
995
996
994
995
995
994
995
995
998
997
992
994
995
992
995
996
997
997
996
994
996
998
995
989
988
985
982
978
980
983
989
989
996
995
995
997
996
998
996
998
996
997
993
996
996
998
999
998
994
993
995
994
993
990
986
983
986
980
985
980
986
989
988
988
984
987
990
992
991
988
985
994
994
995
997
992
987
980
980
987
981
986
988
988
993
987
978
976
977
972
969
955
956
970
967
962
960
951
948
948
946
941
924
922
920
925
923
929
935
959
961
971
975
969
975
979
979
976
984
978
980
980
983
981
981
984
980
976
977
979
986
985
982
990
993
993
996
994
995
997
996
999
996
995
995
997
997
994
993
990
985
984
989
988
985
986
981
982
991
986
982
976
976
980
978
972
969
967
967
970
980
979
981
989
993
990
988
992
986
985
990
987
985
993
990
992
985
987
990
991
993
989
993
995
994
994
992
993
995
993
993
993
996
991
995
998
997
998
999
998
996
994
994
999
998
999
998
998
995
997
997
996
996
994
991
994
994
988
988
990
995
990
981
982
988
990
993
996
995
996
998
996
995
992
995
995
993
995
994
993
996
999
999
998
996
995
997
999
1000
1000
998
997
996
999
999
1000
999
999
998
999
998
997
995
990
986
982
986
985
980
978
985
991
992
987
990
992
992
995
996
995
995
993
994
991
987
987
989
993
992
993
992
993
986
991
986
988
987
993
999
999
998
998
997
993
989
992
991
993
992
983
986
987
988
982
981
972
967
958
959
956
958
947
942
951
949
955
954
963
964
965
968
977
984
982
984
985
991
992
991
989
994
993
994
991
992
993
985
992
991
989
986
986
993
992
991
991
993
995
994
995
993
994
996
997
998
999
1000
998
997
997
998
998
994
993
995
988
992
993
998
1000
999
998
997
995
997
995
994
993
994
990
991
992
993
993
992
993
998
996
993
995
996
997
997
999
999
1000
998
999
999
999
999
1000
997
992
986
992
993
992
991
988
992
987
986
988
989
990
987
990
992
994
995
997
996
995
996
996
996
995
995
992
993
993
987
985
987
987
987
990
991
983
984
985
978
980
978
967
963
974
982
984
983
980
980
980
980
989
989
989
989
987
982
988
990
992
986
990
985
986
985
984
986
988
990
994
995
996
993
998
998
997
997
997
1000
997
996
999
998
997
995
990
990
991
995
994
994
996
994
989
992
993
998
1000
999
997
996
996
994
985
990
994
998
995
994
996
994
997
1000
999
1000
998
999
997
996
995
994
992
989
987
981
985
979
975
979
972
979
979
989
994
993
994
991
993
993
998
998
995
990
989
987
987
995
995
994
992
989
994
993
989
989
988
991
994
991
993
990
987
989
991
990
989
986
986
986
980
979
984
990
992
992
994
992
992
990
996
991
993
995
998
997
999
994
989
985
981
979
975
972
967
972
972
973
965
968
976
980
986
990
988
992
994
998
1000
999
999
997
998
998
999
1000
997
997
994
993
989
990
993
992
995
995
991
994
993
990
992
991
988
983
988
985
979
982
982
984
979
973
974
979
978
982
985
980
984
988
993
994
992
989
990
986
981
985
986
985
992
989
992
991
996
991
996
998
999
999
999
998
996
994
994
997
997
997
998
998
997
995
995
995
990
991
991
988
985
988
989
988
991
987
986
988
989
991
992
993
994
989
993
996
997
997
998
999
995
996
994
996
997
997
1000
997
1000
997
996
996
998
995
995
992
988
992
996
996
994
994
992
997
999
999
994
992
993
991
984
982
982
985
987
988
990
991
987
984
982
982
984
983
981
984
984
981
982
982
990
996
994
994
996
992
992
993
996
991
992
990
992
987
982
973
969
970
975
982
976
969
981
984
979
976
981
982
984
978
978
980
985
986
989
983
988
987
992
996
999
999
998
997
998
1000
998
996
999
998
998
997
995
994
995
996
990
991
991
995
995
990
991
987
990
992
991
984
983
983
982
990
986
986
993
991
991
994
996
995
999
998
997
994
994
995
996
995
998
999
998
997
992
992
990
984
986
981
977
983
988
992
994
993
994
997
998
995
986
972
959
943
940
919
910
920
924
928
930
941
956
965
971
977
985
978
979
976
973
980
982
988
990
990
993
996
995
998
996
996
996
999
1000
997
997
995
991
990
993
992
993
995
997
998
994
993
991
992
992
989
984
973
981
985
988
986
983
981
974
961
956
952
933
936
929
913
905
893
885
875
888
877
884
889
909
935
948
964
970
975
980
986
990
991
993
989
996
993
995
996
996
992
990
987
992
986
984
977
980
987
982
986
986
983
984
991
987
991
993
995
996
997
999
998
998
997
997
996
1000
999
1000
1000
999
997
997
995
997
998
996
1000
997
997
997
996
996
997
998
998
997
998
995
996
994
989
991
991
991
993
987
992
998
997
998
995
990
989
990
992
986
974
976
980
979
982
983
990
990
989
989
988
988
987
987
991
991
987
985
973
973
972
979
966
979
976
978
979
976
985
988
990
988
992
994
997
995
994
994
995
991
993
992
995
993
993
992
993
991
989
991
992
994
988
992
994
993
995
997
993
996
992
987
988
985
985
993
992
989
991
988
986
982
988
994
995
990
994
996
994
995
996
993
994
997
996
994
990
985
985
981
981
986
992
998
994
990
987
989
990
989
992
994
993
997
996
996
989
989
992
995
990
988
987
983
977
978
979
973
969
971
975
973
978
983
979
985
985
988
992
988
985
981
988
979
981
980
980
983
989
991
987
989
991
995
996
995
993
992
994
998
999
995
997
995
997
995
993
993
989
987
985
979
983
983
993
993
998
998
1000
1000
999
994
991
990
989
995
993
994
997
997
998
996
995
995
990
990
986
976
975
961
957
962
945
923
935
935
939
939
940
947
947
961
970
967
971
971
976
979
980
985
992
995
997
997
995
995
993
990
985
984
983
987
985
983
982
974
973
987
989
985
983
977
973
967
968
964
965
970
966
962
968
970
980
992
993
994
994
993
993
997
1000
997
997
997
997
994
998
998
999
999
997
991
990
980
973
960
971
979
976
977
976
968
973
968
958
955
950
963
963
966
959
965
968
965
962
965
972
979
986
989
987
983
984
988
996
994
989
991
990
992
990
998
995
998
998
999
999
998
996
996
996
994
996
999
999
998
1000
1000
1000
1000
999
1000
1000
999
999
999
998
998
999
999
997
999
997
994
993
992
997
993
992
991
988
990
985
974
973
969
964
956
948
952
962
973
971
970
972
980
983
984
983
981
983
985
990
992
990
991
995
993
993
992
991
993
993
994
991
991
989
990
985
988
985
982
985
988
991
991
992
991
992
990
995
996
992
996
998
998
997
995
998
998
993
993
992
991
993
990
989
990
990
988
991
989
989
991
992
992
987
986
987
991
989
986
981
984
990
983
985
987
984
978
979
961
948
951
959
959
954
956
966
971
977
979
976
980
979
984
982
983
981
979
973
979
979
979
982
979
979
977
990
985
991
989
987
990
994
993
988
992
994
993
997
999
997
995
992
992
990
989
986
990
993
989
987
988
984
979
982
985
984
985
976
977
972
976
971
977
980
987
988
989
991
991
994
994
996
997
999
998
999
999
998
998
995
996
990
993
994
998
997
995
996
992
997
998
997
998
999
997
996
994
987
991
996
994
992
993
993
995
993
992
994
994
996
997
996
996
994
989
983
982
980
984
985
984
988
985
978
981
980
980
980
978
977
982
982
977
979
979
979
976
977
986
984
989
990
992
995
996
995
996
991
994
992
995
993
994
993
995
993
990
989
991
991
992
994
995
999
995
995
992
986
988
986
979
980
983
980
976
976
975
981
977
980
995
995
990
988
990
989
990
987
992
989
981
972
964
955
956
947
946
942
922
903
905
906
902
893
908
913
912
916
911
930
944
955
960
963
975
983
979
971
971
974
982
977
984
993
990
987
977
966
964
962
960
962
971
974
973
973
982
984
987
993
994
994
991
987
992
991
991
988
981
977
979
982
986
984
982
983
981
977
983
985
983
992
996
995
993
992
992
991
993
992
991
981
972
973
973
969
971
980
986
984
981
985
983
979
982
980
979
983
982
978
982
991
993
991
990
993
991
996
995
997
992
991
993
991
991
991
993
993
993
993
990
988
993
992
995
995
991
986
980
980
981
981
978
970
962
962
959
960
968
965
970
979
981
981
976
982
988
985
986
986
978
988
986
991
991
994
994
994
994
995
994
993
993
994
992
992
991
985
988
987
982
972
975
975
978
983
986
986
993
993
987
984
984
981
980
982
976
977
971
966
959
961
967
967
976
980
986
987
988
992
994
993
995
998
997
996
996
994
989
990
986
977
964
956
954
947
942
956
953
942
945
946
939
941
939
953
953
971
969
975
966
961
961
958
961
966
970
978
984
989
992
991
992
991
991
989
985
988
992
989
995
995
991
990
990
993
991
986
986
988
980
985
986
987
988
993
996
990
988
988
984
984
987
988
988
988
993
998
997
995
993
993
990
988
990
988
994
994
994
998
995
994
993
990
983
976
971
949
937
929
927
916
898
896
896
891
886
883
865
828
820
811
783
782
801
793
804
827
833
838
864
892
913
931
941
947
960
969
972
979
981
983
986
989
995
993
998
994
993
994
992
994
994
994
997
996
996
996
996
996
993
990
987
983
985
994
990
995
997
996
992
994
992
990
990
990
989
982
980
982
979
986
988
988
987
989
992
992
996
995
995
994
995
998
998
999
998
998
999
999
999
1000
999
999
998
995
998
997
996
998
996
995
998
995
992
991
992
991
992
996
997
998
997
993
992
998
999
1000
999
997
994
995
996
995
995
996
997
996
993
997
997
994
994
997
997
996
995
994
993
995
996
993
992
989
993
990
985
981
981
977
977
969
954
946
927
915
934
947
940
950
955
960
957
972
963
951
965
971
977
988
984
988
984
989
991
991
993
991
991
995
997
997
994
990
992
996
994
999
1000
999
997
996
1000
1000
998
999
997
994
996
994
995
995
993
992
994
988
988
982
979
975
976
969
974
975
984
990
990
991
994
996
998
1000
999
998
1000
1000
1000
1000
1000
999
999
996
994
994
993
994
996
991
995
996
995
995
995
991
987
985
990
984
980
986
988
992
994
995
992
993
991
990
994
994
995
996
996
996
994
993
992
991
994
990
991
989
989
989
991
986
990
992
991
992
989
980
973
962
953
945
939
936
935
923
933
938
952
957
960
955
971
970
983
980
966
971
972
976
972
976
977
978
976
972
972
970
974
971
978
988
989
982
980
988
992
990
989
994
995
995
992
994
993
988
978
976
964
967
970
968
973
974
983
985
989
996
995
992
993
994
988
991
995
998
998
995
995
997
995
994
999
1000
999
999
997
995
996
993
992
992
991
995
998
998
994
994
994
991
991
987
980
982
976
984
986
982
986
992
995
993
998
997
1000
1000
1000
998
994
997
997
999
999
999
1000
998
997
999
993
991
995
994
996
996
996
995
996
996
996
998
998
995
994
993
994
995
993
993
990
991
987
992
985
974
975
982
984
982
989
993
999
1000
1000
997
995
992
996
998
999
1000
999
999
1000
1000
1000
998
999
997
1000
999
997
996
998
1000
999
999
1000
999
999
999
996
997
997
996
994
993
991
988
982
986
995
997
994
991
988
996
996
992
992
985
983
987
983
986
977
974
979
982
985
986
989
995
997
997
996
996
999
997
996
994
994
990
993
995
994
993
994
997
995
997
998
997
996
995
993
993
993
990
992
996
995
994
995
996
997
998
999
999
1000
997
999
1000
998
999
999
997
998
1000
998
998
997
997
1000
999
999
997
996
999
999
1000
999
997
998
997
995
994
993
993
990
990
993
994
996
997
996
992
1000
998
994
993
991
992
996
994
993
996
995
995
997
997
997
998
996
997
994
994
994
990
986
983
985
986
987
992
991
995
993
993
995
997
998
1000
999
997
994
991
986
992
992
989
988
984
989
992
996
997
996
993
995
993
991
996
997
998
999
1000
997
994
992
988
987
991
990
988
992
996
995
991
997
994
995
995
996
997
996
997
996
997
996
996
992
994
990
992
995
995
995
994
995
997
1000
999
998
991
990
987
990
992
992
994
991
993
997
994
991
990
993
992
992
994
993
998
1000
999
996
998
996
992
996
997
998
998
998
998
998
997
999
999
994
995
993
988
995
997
996
997
996
999
999
998
998
997
1000
1000
999
996
990
987
990
993
994
995
993
997
998
999
996
997
999
996
996
996
998
998
998
997
998
998
997
996
995
998
996
1000
1000
996
994
991
993
993
995
995
995
998
997
999
997
997
996
999
999
999
997
996
994
994
990
988
986
986
991
985
992
988
987
996
997
996
995
989
985
987
990
989
986
991
991
993
994
992
993
991
992
989
991
994
993
993
993
993
997
996
993
997
995
998
998
998
996
997
996
996
996
996
995
991
993
990
989
993
991
986
984
980
983
987
988
996
999
998
999
997
999
999
998
996
989
989
991
993
994
997
997
996
997
999
996
990
986
990
990
989
993
991
984
979
975
971
960
968
965
965
958
965
973
980
984
987
983
994
996
993
997
998
997
997
999
999
997
999
1000
1000
1000
999
999
1000
997
996
995
997
997
997
992
990
994
996
993
991
988
990
990
989
987
991
990
984
987
990
994
996
994
985
988
984
978
970
964
956
965
965
964
969
977
985
986
988
993
997
997
998
997
998
997
997
995
987
990
986
987
988
982
974
971
970
965
973
965
978
980
982
994
994
995
993
994
993
991
995
995
994
987
992
995
995
990
988
987
992
994
992
994
988
991
988
994
993
991
993
996
995
997
997
997
993
991
990
990
989
992
996
996
998
1000
1000
998
999
1000
998
996
994
993
990
994
997
996
988
991
991
991
989
991
992
995
994
992
990
982
988
987
989
993
996
989
990
991
992
996
999
998
997
993
995
993
992
989
989
991
989
987
990
995
995
993
996
993
989
991
991
988
988
989
993
998
995
998
1000
1000
998
994
999
998
996
997
999
998
997
997
998
996
997
999
998
995
993
998
996
996
997
993
996
993
996
997
996
994
997
996
994
994
994
994
996
995
996
996
996
996
997
1000
999
996
992
985
982
983
983
986
984
976
979
986
989
986
981
978
979
988
989
994
991
992
992
992
995
994
996
997
998
996
995
992
994
991
996
995
995
996
996
996
999
997
996
999
998
997
999
999
998
997
994
991
993
988
988
983
980
981
987
982
987
991
988
993
992
989
993
992
992
992
992
996
997
996
996
996
993
990
992
997
998
996
994
995
995
996
994
995
992
992
999
1000
999
996
992
996
995
996
992
996
995
997
994
995
995
994
993
997
992
988
983
984
980
989
987
984
990
992
993
992
993
995
989
987
990
986
983
991
995
993
995
993
989
993
994
993
989
992
993
989
993
995
999
999
998
993
993
991
993
992
994
997
1000
999
995
996
998
999
998
994
993
992
990
989
986
992
994
992
993
991
987
995
995
994
989
989
989
988
989
987
990
994
996
998
996
993
996
998
995
992
996
997
996
995
994
991
994
992
994
997
998
996
997
998
998
1000
999
999
999
997
994
989
997
999
999
999
1000
999
999
999
997
993
994
997
998
998
995
993
991
992
984
983
985
985
991
996
997
999
998
1000
998
996
997
998
996
997
998
999
996
998
995
994
993
993
987
990
992
989
987
987
984
980
984
983
985
987
986
989
992
989
988
986
993
993
991
992
991
995
994
995
995
996
998
999
999
994
994
991
993
991
994
994
998
997
996
992
988
991
989
990
993
995
993
990
988
992
993
991
990
993
997
997
997
998
996
994
996
992
993
993
992
991
988
991
988
995
992
995
994
997
996
999
998
995
995
995
993
992
990
996
995
993
994
995
998
997
997
999
997
995
997
998
997
998
999
999
1000
998
996
995
993
996
998
999
998
997
999
999
1000
1000
1000
999
998
997
996
999
998
997
998
999
999
998
994
993
991
992
992
997
995
995
995
999
998
998
996
998
1000
999
998
996
993
992
988
986
987
988
990
993
991
990
992
992
993
995
995
999
996
994
994
993
995
997
999
998
997
992
998
994
996
994
992
991
984
984
986
985
993
990
986
981
982
982
980
979
979
975
978
977
975
980
981
976
976
973
977
976
984
986
985
989
990
993
989
985
991
990
995
993
988
987
981
974
981
987
988
990
988
988
988
989
984
985
982
986
986
991
994
992
992
992
995
995
996
997
999
999
998
999
998
998
999
999
998
996
994
994
993
995
997
996
998
998
995
991
994
990
992
990
991
985
984
983
989
990
997
999
998
997
999
999
996
994
994
991
992
997
998
998
997
997
997
995
994
994
994
997
997
998
999
1000
1000
999
998
997
998
998
998
995
997
995
997
996
998
998
997
998
997
996
998
997
997
998
1000
1000
1000
999
999
998
1000
998
999
996
997
998
996
999
1000
999
1000
1000
999
1000
999
996
999
998
995
992
986
982
985
993
993
996
997
999
998
995
993
994
997
999
998
999
999
1000
1000
999
996
995
996
995
995
995
993
993
990
994
992
991
992
995
998
997
999
999
996
997
995
997
998
997
997
998
997
998
998
997
997
997
994
988
987
990
990
986
989
995
994
989
987
994
994
998
997
997
997
997
995
995
992
988
993
987
987
993
995
992
990
992
991
996
997
994
993
993
990
993
989
987
988
989
985
989
993
991
991
996
996
999
997
999
996
996
994
990
989
996
995
995
995
994
998
999
1000
1000
996
995
991
986
987
982
975
964
973
972
972
970
975
969
976
975
973
974
975
986
989
986
992
993
994
997
997
998
1000
998
995
995
989
988
990
992
991
985
988
991
989
985
992
988
994
992
990
988
988
985
988
979
982
989
989
990
992
991
994
995
998
997
992
995
995
994
992
991
990
987
990
992
995
998
997
997
998
991
994
996
997
995
994
995
997
1000
999
998
996
992
994
997
995
995
992
990
989
987
983
985
989
993
989
982
982
980
981
981
984
990
991
987
989
989
988
984
986
991
995
991
990
994
992
992
985
983
985
985
990
990
994
989
991
993
995
995
995
994
995
998
999
998
998
997
996
995
995
999
998
999
999
999
997
999
999
999
998
996
995
993
994
993
993
992
996
996
995
996
993
986
981
983
979
977
984
987
993
997
998
998
999
999
999
999
998
997
997
998
998
994
996
997
997
998
1000
997
998
999
998
1000
1000
1000
1000
1000
997
997
998
999
997
998
998
1000
999
1000
997
994
997
999
1000
999
1000
999
998
998
998
996
994
991
995
997
999
999
999
998
999
1000
999
997
995
997
998
997
994
989
989
991
991
991
986
989
988
992
992
993
988
985
985
985
984
985
992
987
988
993
995
996
991
996
996
996
997
999
998
996
996
996
998
998
999
998
999
999
1000
997
997
996
997
996
998
1000
998
997
995
995
996
996
998
998
994
991
990
988
990
994
997
996
999
998
998
999
998
999
998
998
996
995
995
997
995
992
993
996
997
996
996
996
993
995
988
987
988
986
991
989
986
981
986
987
989
994
994
996
998
998
996
998
998
997
997
993
996
997
995
996
988
988
988
990
991
987
988
992
990
991
984
985
989
990
988
991
986
986
996
994
996
994
997
997
995
997
994
993
995
996
998
998
995
994
992
993
991
990
988
989
993
997
998
996
997
997
996
991
995
994
983
979
985
989
988
987
989
993
993
989
984
988
989
982
980
977
983
987
988
985
990
991
992
991
993
992
990
988
993
993
994
993
991
988
990
991
991
993
997
996
996
995
993
994
994
994
993
993
992
994
993
994