10000
8169
7013
5967
5090
4096
3524
2530
1935
1518
1003
638
368
213
154
108
80
67
78
74
63
74
76
75
68
70
89
108
94
94
73
79
71
73
74
77
79
93
66
71
66
59
83
78
81
102
64
75
70
80
64
77
80
73
92
77
64
71
90
84
85
94
108
129
145
177
186
222
306
466
636
857
1109
1401
1694
2153
2207
2418
2558
2492
2348
2135
1897
1633
1679
1648
1649
1778
1953
1951
2192
2063
2171
2147
2205
2132
2104
2302
2388
2269
2484
2482
2376
2259
2282
2128
1952
2048
2147
2059
2097
1989
1968
1912
1859
1785
1698
1639
1754
1813
1965
2203
2346
2500
2700
2464
2473
2587
2373
2205
2371
2500
2511
2762
2850
2833
2472
2281
2216
2091
1915
1953
1886
2032
2156
1961
1783
1788
1788
1760
1707
1781
1885
1854
1952
2112
2183
2226
2075
2072
2054
1942
1840
2031
2074
2118
1938
1915
2052
2288
2453
2686
2559
2497
2310
2295
2232
2293
2168
2170
1979
2203
2355
2226
2013
1890
1785
1885
1837
1972
1842
1945
1998
1953
1912
1683
1586
1764
1594
1550
1338
1344
1502
1664
1738
1718
1747
1747
1879
1845
1760
1667
1874
2074
2204
2394
2696
2768
2543
2537
2513
2299
2359
2092
2540
2848
2809
2616
2717
2819
2757
2599
2381
2314
2171
2228
2130
1864
2035
1935
2042
1978
1592
1599
1468
1325
1412
1344
1503
1733
1809
1797
2064
2189
2141
2044
1931
1734
1740
1873
1889
2002
2281
2138
2104
1938
1909
1786
1791
1720
1928
1864
1803
1766
1841
1735
1585
1577
1552
1476
1623
1763
1844
1851
2081
2307
2695
2651
2821
2753
2558
2433
2251
2247
2271
2375
2121
1955
2009
2033
1970
1942
1939
1981
2155
2373
2343
2393
2318
2475
2428
2288
2216
2048
1944
1771
1723
1833
1830
1701
1837
1787
1938
2104
1882
1831
1919
1911
2033
2071
2223
2276
2472
2512
2444
2586
2343
2184
2385
2426
2562
2680
2486
2455
2208
2143
2275
2241
2186
2156
2088
2098
1912
1890
1819
1746
1706
1819
1797
1819
1861
2047
2344
2158
2151
2166
2186
2370
2398
2552
2534
2404
2251
1965
1838
1739
1680
1696
1690
1926
1932
1984
2116
2253
2155
2093
2002
1901
1867
1968
2142
1982
2047
2007
2222
2320
2381
2274
2346
2083
2091
2050
2068
1982
1742
1851
1954
2132
1974
1970
1944
1771
1643
1728
1935
1915
2016
1840
2148
2249
2319
2336
2399
2504
2349
2097
2125
2192
1954
2353
2506
2575
2627
2379
2016
1891
1860
1853
1747
1945
2086
2207
2295
2344
2341
2395
2086
2088
2024
2218
2510
2526
2406
2391
2401
2229
2252
2083
1918
1897
2044
2239
2325
2200
2245
2047
1912
1722
1669
1679
1501
1486
1810
1897
2151
2221
2394
2276
2494
2510
2518
2628
2692
2624
2623
2710
2677
2562
2428
2095
2088
2077
2054
2052
2022
2078
2132
2026
2046
2089
2006
1927
1925
1944
2023
1803
1917
1982
2068
2365
2367
2272
2192
2150
2198
2021
2017
2173
2161
2177
2137
1996
1947
1757
1952
1925
1968
1899
1837
1979
2252
2364
2661
2777
2693
2521
2242
2179
1927
1953
1959
1678
1790
1741
1766
1640
1666
1670
1834
2109
2410
2768
2836
2905
2848
2895
2581
2517
2620
2599
2342
2383
2116
2219
2120
2134
2066
2077
2103
2132
2115
2169
2214
2314
2212
2204
2551
2903
2674
2602
2556
2479
2349
2440
2515
2506
2399
2150
2132
1927
1995
2054
2059
1943
1981
1974
1866
1778
1804
1678
1768
1875
1838
2094
2189
2300
2362
2413
2367
2263
2207
2119
2078
2166
2093
2081
1980
1745
1808
1732
1767
1852
2127
2122
2249
2506
2549
2311
2118
2022
2103
2113
2126
1781
1943
1906
1733
1633
1574
1650
1626
1570
1664
1709
1807
1971
2007
2267
2384
2379
2478
2456
2541
2503
2651
2719
2644
2506
2847
3035
2886
2647
2469
2368
2272
2004
1910
1706
1581
1729
1853
2080
2386
2384
2612
2606
2547
2456
2368
2333
2296
2155
1937
1984
2249
2172
2480
2509
2716
2709
2773
2914
2717
2424
2247
2282
2216
2131
2125
2053
1884
1815
1814
1615
1568
1578
1515
1634
1661
1753
1732
1681
1750
1775
1662
1540
1635
1669
1791
1814
1773
1732
1638
1565
1650
1659
1622
1775
2015
2218
2312
2232
2488
2316
2501
2589
2547
2532
2520
2490
2509
2440
2638
2420
2399
2411
2205
2176
2130
2317
2159
2265
2409
2472
2516
2540
2310
2335
2313
2412
2503
2354
2183
2007
1856
1911
1916
1880
1775
1812
1836
1770
1685
1628
1522
1570
1470
1517
1602
1588
1562
1396
1287
1199
1299
1191
1214
1250
1322
1279
1290
1387
1569
1694
1756
1707
1751
2063
2099
2107
2213
2154
2181
2222
2387
2479
2258
2411
2254
2273
2119
1981
1876
1679
1878
1795
1808
1609
1563
1679
1674
1869
2034
2354
2468
2633
2582
2482
2504
2341
2221
2140
2081
1902
1697
1690
1845
1858
1942
2096
2106
2139
2297
2467
2379
2323
2306
2342
2374
2400
2375
2390
2208
2211
2104
2094
2186
2053
2002
1942
2172
2361
2469
2368
2164
2038
2019
2027
2091
2267
2435
2631
2604
2554
2482
2368
2416
2319
2296
2242
2297
2441
2579
2645
2379
2479
2423
2276
2208
2177
2181
2031
1805
1807
1708
1607
1556
1645
1643
1660
1802
1825
1807
1749
1980
1825
1959
2212
2305
2382
2480
2283
2699
2545
2343
2123
2028
2082
2060
2179
2063
2011
2044
2065
2191
2325
2405
2419
2440
2438
2233
2074
1943
2098
2212
2306
2399
2474
2515
2603
2588
2534
2421
2535
2313
2213
2378
2360
2366
2128
1936
1830
1758
1539
1661
1637
1513
1550
1750
1949
2266
2420
2501
2424
2687
2746
2703
2519
2287
2118
2050
2032
2110
2558
2671
2810
2948
2746
2664
2854
2672
2439
2365
2221
2148
1933
1822
1761
1544
1289
1130
1062
1034
981
920
856
821
809
776
725
747
696
804
881
999
1144
1163
1309
1340
1503
1683
1729
1848
1891
1874
1899
1799
2050
2104
2153
2337
2309
2494
2459
2426
2321
2029
2165
2139
2105
2332
2370
2276
2174
1991
2034
2154
2012
2119
2044
1882
2023
2262
2278
2128
1982
1888
2171
2001
2106
2229
2408
2450
2329
2390
2297
2141
2262
2094
2096
1967
2088
2268
2366
2331
2160
2174
2232
2052
2005
1908
1748
1620
1756
1739
1785
1869
1946
1959
2036
2178
2169
2208
2182
2207
2180
2200
2128
2071
2078
1970
2138
2024
1982
2025
2198
2320
2262
2248
2312
2477
2382
2285
2185
1812
1814
1771
1506
1351
1289
1302
1395
1372
1564
1568
1741
1679
1934
1943
1949
2114
2436
2526
2549
2387
2228
2301
2281
2223
1900
1983
2083
2352
2367
2252
2106
2193
1999
2119
2190
2488
2381
2332
2512
2681
2617
2644
2670
2547
2394
2320
2124
1899
1873
1907
2018
2113
2295
2252
2270
2156
2160
1866
1800
1752
1721
1805
1749
1749
1811
1700
1703
1773
1931
2200
2216
2235
2357
2377
2122
2192
2068
2049
1959
2015
1901
2045
2097
2123
2121
1979
1917
1713
1487
1297
1100
1023
951
973
1083
1162
1325
1376
1475
1470
1663
1765
1875
1994
1955
1982
1929
2074
1980
2170
2285
2228
2043
2090
2137
2079
2107
2297
2314
2271
2339
2308
2396
2290
2087
2117
2005
1805
1838
1894
1979
1804
1756
1564
1753
1789
1821
2064
2091
2233
2209
2274
2364
2437
2535
2410
2301
2188
1972
1968
1862
1904
1969
1921
2085
2427
2538
2574
2507
2259
2317
2080
2038
1919
2025
2125
2101
1990
2055
2197
2428
2497
2671
2612
2625
2649
2749
2847
2565
2012
1726
1507
1535
1569
1535
1447
1540
1508
1428
1316
1154
1009
1005
898
869
889
906
883
720
605
617
566
521
475
464
388
357
352
352
368
372
349
415
544
757
1104
1248
1747
1924
1762
1901
1965
1945
1952
1835
1860
1919
2076
2262
2178
2234
2401
2128
2050
2090
2153
2058
2118
2204
2192
2224
1998
1950
1867
1947
2104
2023
1915
1782
1815
1722
1684
1575
1633
1591
1527
1587
1492
1499
1457
1556
1484
1503
1505
1736
1874
2027
2348
2671
2984
3134
2918
2963
2860
2495
2461
2388
2305
2058
2033
2092
1991
2184
2199
2269
2205
2154
2334
2413
2303
2306
2073
2046
2001
2142
1984
1886
2027
2034
2031
2187
2177
2036
2196
2119
2064
2136
2134
1914
1909
1803
1861
1853
1874
1961
1927
1909
1881
1734
1804
1914
1894
1926
1942
1883
2066
2090
2059
1850
1635
1413
1344
1204
1216
1288
1441
1669
1834
1989
2153
2158
1878
1685
1628
1331
1403
1460
1613
1688
1773
2008
2231
2455
2617
2551
2236
1915
1826
1761
1762
1618
1577
1738
1746
1719
1808
1901
1630
1651
1511
1576
1421
1477
1499
1519
1600
1555
1490
1463
1571
1454
1516
1520
1366
1420
1441
1381
1382
1439
1378
1465
1590
1512
1552
1562
1446
1450
1491
1478
1513
1289
1269
1300
1466
1488
1597
1630
1563
1598
1585
1531
1461
1411
1447
1502
1613
1631
1648
1525
1456
1374
1476
1552
1333
1204
1259
1129
1005
968
1078
1084
1097
1384
1677
1834
2067
2215
2148
2198
2101
1878
1897
1822
1806
1819
1965
2151
2173
1921
1914
1830
1826
1904
1843
1960
1971
1704
1642
1651
1549
1437
1497
1237
1074
1007
910
944
1048
1175
1365
1225
1118
1007
1055
840
799
900
993
1068
1012
1044
1161
1217
1235
1340
1251
1363
1660
1662
1727
1874
1841
1897
1800
2028
2015
1992
1894
1882
1926
2204
2356
2355
2223
2063
2190
2010
2152
2151
2355
2541
2532
2453
2068
2087
2014
2116
2192
2346
2283
2218
2192
2139
2106
2120
2295
2345
2387
2523
2520
2405
2348
2291
2131
2070
2161
2133
2155
2285
2500
2450
2217
2016
2045
1984
1931
1945
1793
1825
2042
2331
2493
2529
2294
2303
2304
2234
2247
2264
2361
2308
1980
2058
2318
2456
2419
2427
2216
2077
1828
1771
1885
1874
1694
1813
1593
1623
1580
1677
1805
2110
2325
2590
2411
2595
2646
2632
2652
2634
2621
2888
2750
2690
2595
2368
2460
2346
2494
2454
2457
2338
2339
2300
2357
2213
2054
2067
2043
2163
2190
2101
2162
2335
2609
2464
2570
2383
2337
2298
2180
2047
1996
2184
2236
2102
2239
2127
2228
2377
2649
2352
2221
2318
2431
2504
2596
2403
2190
2196
1977
1883
1876
1941
1917
1764
1890
2050
2020
2035
1893
2003
1918
1772
1668
1625
1624
1366
1472
1677
1679
1772
2013
2469
2737
2847
2578
2584
2479
2515
2472
2314
2416
2214
2210
1991
1887
1881
1711
1676
1620
1704
1687
1830
2052
2288
2472
2501
2329
2348
2443
2528
2442
2367
2440
2467
2176
2101
2051
2126
1974
1984
1871
1723
1723
1710
1562
1657
1654
1667
1671
1665
1646
1578
1715
1642
1752
1835
1958
1893
1924
1997
1844
1873
2008
1840
1842
1618
1660
1851
2059
2252
2469
2642
2717
2736
2627
2493
2536
2367
2231
2256
2183
2186
2110
2177
2130
2084
2369
2672
2788
2729
2725
2577
2293
2193
1983
1897
1862
1754
1688
1580
1616
1805
1835
1982
2167
2193
2194
2037
1936
1998
2047
2040
1926
1851
2147
2128
2103
2120
2350
2162
2140
1983
1904
2012
2053
2076
2202
2133
2118
2126
2068
2048
2027
2057
2082
2136
1990
2054
2124
2007
2219
2134
1922
2015
1861
1717
1458
1487
1306
1254
1351
1492
1566
1503
1485
1530
1678
1836
1864
1917
1969
1914
2024
2241
2477
2533
2179
2108
1831
1944
1732
1596
1857
2055
2347
2281
2346
2342
2253
2251
2064
1836
1985
1986
1902
1898
1904
2131
2404
2452
2556
2674
2595
2352
2357
2341
2440
2454
2192
2032
1954
1961
1959
1934
1726
1831
1852
1770
1622
1543
1381
1481
1413
1376
1309
1449
1436
1387
1366
1474
1617
1730
1931
1845
1901
1880
2015
1981
2292
2192
1980
1883
1713
1623
1691
1969
2226
2359
2511
2427
2578
2605
2219
2046
1809
1932
1934
2029
2217
2190
2241
2248
2373
2210
1990
1992
2005
1967
2016
1867
1740
1697
1721
1681
1645
1576
1668
1769
1727
1830
1642
1502
1619
1664
1903
2293
2198
1928
1769
1723
1733
1878
2078
2100
2043
2042
2278
2383
2554
2475
2277
2250
2082
2119
1918
1929
1758
1741
1738
1675
1638
1561
1722
1760
1802
2048
1930
1935
2078
2380
2646
2802
2815
2987
2990
2583
2475
2241
2110
2037
2177
2067
2051
2099
2140
2190
2164
2115
2190
2286
2218
2339
2372
2452
2455
2248
2370
2384
2383
2371
2264
2312
2421
2287
2184
2020
1996
2029
1920
2092
1953
1779
1638
1552
1403
1296
1225
1211
1335
1337
1346
1426
1509
1587
1580
1632
1747
1903
1806
1826
2005
2085
1914
1854
1875
1836
1879
2031
2055
2167
2221
2256
2068
1988
2033
2287
2138
1884
1783
1707
1702
1842
1992
1963
2162
2458
2349
2445
2621
2568
2600
2576
2535
2279
2078
1871
1545
1298
1139
1228
1073
993
1024
890
843
790
812
726
813
769
751
618
507
477
463
465
419
351
291
241
189
166
140
123
92
108
84
81
90
112
110
92
91
105
98
104
101
122
109
110
117
106
99
112
117
115
112
129
120
122
125
110
122
136
141
125
135
137
124
120
136
173
140
130
121
108
88
108
104
129
118
116
93
90
94
82
86
78
73
64
67
81
74
81
76
99
102
86
101
90
75
77
87
69
85
81
90
75
70
75
93
90
86
84
74
97
89
94
98
116
65
81
85
73
59
75
47
60
64
67
83
58
66
64
78
82
75
71
71
55
69
74
68
73
61
88
76
88
95
70
90
91
77
79
73
68
84
70
76
64
54
83
80
68
65
65
78
99
80
105
105
78
109
115
111
119
109
142
150
173
150
195
146
182
193
247
264
279
349
442
501
564
731
1005
1108
1318
1542
1531
1786
1781
1818
1788
1793
1651
1614
1533
1746
1796
1945
2220
2326
2452
2379
2382
2273
2338
2290
2015
1794
1783
1787
1780
1802
1696
1699
1672
1685
1598
1704
1930
1957
1951
2106
2079
2242
2388
2143
2081
2139
2115
1867
1830
1835
1880
1926
1778
1831
1794
1943
2066
2036
1887
1876
1795
1931
1950
1936
2038
1984
2075
1922
1832
2001
2067
2219
2383
2431
2584
2400
2284
2137
1932
1832
1871
1817
1923
1810
1730
1725
1668
1650
1631
1921
1817
1847
1648
1864
2131
2146
2178
1951
1939
1970
2202
2296
2281
2239
2115
2093
2052
1959
1673
1796
1789
1802
1692
1722
1698
1675
1519
1566
1472
1428
1466
1411
1683
1972
2005
2049
2051
2104
2274
2389
2246
2304
2418
2339
2371
2171
1978
2080
2012
2003
1759
1746
1579
1761
1822
2038
2043
2168
2112
2220
2074
2112
1833
1691
1877
1953
1747
1762
1960
1815
1749
1862
1828
2077
1970
1940
2046
2062
2236
2071
1979
2194
2155
2194
2105
2118
2169
2074
1963
1839
1693
1348
1259
1150
958
950
1046
1051
892
1005
908
835
849
896
935
919
1044
853
742
694
691
540
493
484
508
459
393
352
376
270
335
258
251
227
216
212
169
158
152
146
121
102
99
91
83
91
96
84
70
63
69
84
78
89
97
116
117
111
116
99
91
99
94
83
99
110
107
101
93
129
134
143
133
125
147
137
202
268
343
467
580
737
968
1202
1376
1460
1476
1457
1548
1535
1536
1515
1668
1845
2043
2128
2145
2193
2266
2177
2007
1853
1859
1750
1702
1713
1629
1579
1723
1878
1856
1863
2012
2075
2347
2280
1961
1753
1692
1687
1532
1474
1521
1511
1617
1608
1731
1604
1571
1618
1480
1460
1552
1676
1720
1783
1844
1963
1917
2026
1838
1932
2100
2090
2174
2274
2248
1997
1787
1801
1861
1897
2050
2312
2289
2062
1907
1776
1719
1657
1418
1412
1455
1290
1229
1230
1098
1064
918
836
689
611
581
548
573
776
872
1083
1394
1658
1790
1854
1812
1915
1783
1585
1552
1500
1473
1410
1184
1064
1121
1036
1096
947
830
633
676
591
699
762
761
861
917
966
1083
1137
1224
1366
1454
1457
1499
1733
1971
2207
2464
2531
2542
2371
2333
2130
2065
2008
1773
1581
1581
1612
1568
1463
1303
1312
1335
1408
1597
1628
1703
1486
1480
1586
1832
1621
1727
1786
1830
1869
1945
1979
2152
2258
2196
2151
2359
2308
2359
2459
2277
2257
2273
2110
2231
2150
2231
2378
2347
2259
2296
2234
2128
2086
2094
1975
1790
1666
1574
1698
1639
1606
1577
1501
1401
1523
1492
1580
1872
2048
1985
2016
1792
1649
1293
1146
1187
1118
1109
1021
1013
1037
947
959
937
877
779
866
844
805
730
639
646
607
513
484
391
360
367
329
249
250
225
233
280
321
447
610
997
1509
1909
2266
2493
2414
2557
2515
2639
2617
2400
2515
2494
2473
2394
2083
1994
2102
2012
2121
2344
2055
2078
2037
1999
1883
1816
1747
1706
1571
1538
1497
1452
1357
1290
1217
1253
1286
1322
1439
1449
1387
1359
1377
1409
1361
1481
1511
1438
1592
1496
1475
1405
1293
1252
1244
1279
1248
1223
1129
1161
1143
1064
1121
1214
1360
1361
1448
1619
1833
1944
2108
2369
2417
2104
2212
1904
1707
1868
1813
1861
1796
1857
1981
2001
2111
2313
2310
2167
2156
1932
1835
1734
1733
1589
1886
2015
2077
2131
2142
2142
2205
2134
2315
2362
2332
2450
2214
2140
2029
1977
1879
1701
1621
1471
1446
1396
1414
1525
1434
1466
1623
1722
1670
1688
1779
1768
1859
2044
2192
2342
2405
2399
2398
2315
2079
1948
1857
1810
1692
1612
1407
1502
1515
1524
1638
1930
2004
2009
1671
1458
1610
1626
1710
1710
1701
1865
1954
2072
1996
2112
2213
2145
2405
2239
2296
2102
2125
2147
2210
2153
2092
2090
2202
2187
2427
2331
2484
2262
2141
2048
1925
2053
2152
2053
2029
2076
1986
1816
1666
1700
1699
1639
1677
1807
1842
1996
2080
2156
2235
2062
2049
2052
2141
2118
2053
1850
1915
2184
2150
2172
2365
2361
2273
2238
2253
2137
2171
2295
2376
2512
2382
2394
2208
1943
1786
1444
1234
1015
935
864
877
768
693
707
638
643
639
651
697
656
735
829
885
1081
1241
1345
1520
1664
1783
2218
2591
2918
2940
2854
2703
2409
2151
2018
1896
1826
1947
2027
2007
2041
1859
1744
1549
1583
1469
1472
1408
1422
1380
1276
1193
1070
998
1050
1023
1103
1314
1432
1611
1640
1523
1680
1786
1841
1848
1814
1827
1898
2031
2313
2505
2939
3200
3334
3195
3183
2968
2661
2619
2347
2159
2247
2127
2385
2417
2431
2322
2115
2122
1969
2132
2305
2361
2504
2488
2428
2192
2054
2085
2236
2373
2385
2274
2216
2162
2218
2220
1957
2035
1859
1770
1683
1882
1791
1831
1749
1919
2128
2119
2319
2423
2160
2096
2043
1810
1802
1500
1525
1541
1573
1734
1784
1886
1857
1973
2107
2234
2515
2519
2763
2960
2827
3048
2993
2702
2764
2715
2530
2139
1905
2034
2486
2494
2702
2825
2751
2696
2354
2244
2309
2418
2301
2311
2379
2231
2180
1782
1784
1720
1612
1515
1432
1485
1442
1635
1741
1695
1828
1777
1865
1933
2183
2280
2414
2470
2299
2212
1961
1851
1835
1884
1876
1866
1754
1855
1872
1760
1776
1872
1653
1775
1801
1763
1696
1755
1965
1995
1961
1847
1922
1739
1918
1947
1894
1933
1835
2103
2075
2074
2081
2446
2429
2248
2257
2042
1967
1983
1876
1929
1994
1867
1889
1914
1989
1838
1826
2039
2056
2284
2124
2293
2210
2234
2282
2274
2027
2037
2020
1866
1775
1675
1702
1557
1533
1503
1497
1642
1749
1935
2347
2743
2823
2910
2953
2712
2497
2242
2064
2002
2175
2033
1882
1865
1831
1949
2246
2111
2252
2032
2151
2093
1931
1811
1668
1600
1556
1646
1668
1513
1337
1303
1479
1415
1379
1265
1149
1096
1075
1114
1198
1055
1044
1190
1315
1434
1513
1607
1789
1990
2318
2458
2680
2610
2867
2749
2878
2750
2778
2734
2559
2449
2455
2290
2025
2268
2603
2845
2621
2539
2573
2367
2132
1996
1755
1711
1709
1773
2096
2042
1973
1952
1946
2173
2150
2181
2171
2275
2191
2134
2059
1898
1940
1954
1930
1881
2074
2037
1995
2184
2325
2041
2051
2004
1925
1818
1794
1725
1833
1678
1734
2037
2108
2022
1915
1829
1709
1665
1558
1434
1370
1381
1361
1416
1517
1441
1484
1481
1667
1588
1551
1546
1523
1367
1346
1360
1415
1255
1130
1275
1398
1584
1792
1918
1787
1783
2153
1919
1955
1921
2083
2279
2568
2484
2340
2175
2062
2215
2250
2284
2472
2599
2460
2260
2080
1801
1955
1950
1799
2107
2182
2623
2576
2549
2310
2273
2004
2218
2360
2424
2165
1997
1943
2074
2169
2097
2067
2075
1993
2039
2102
1925
1837
1742
1671
1632
1650
1567
1570
1564
1499
1298
1260
1101
933
748
573
435
359
337
286
248
234
178
156
134
127
106
119
134
106
143
160
172
177
207
206
227
217
254
296
285
264
299
236
236
234
259
327
415
613
823
1140
1614
1880
2052
2127
2181
2450
2429
2342
1998
1878
1670
1611
1663
1751
1768
1912
1891
1945
1814
1965
1954
2059
2371
2570
2594
2481
2329
2039
1952
2152
2485
2692
2457
2272
1976
1909
1834
2027
2052
1857
1865
1813
1930
2111
1985
2210
2201
1988
1848
1786
1780
1668
1798
1852
1932
2040
2077
2058
2127
1948
1969
1976
2145
2242
2293
2069
2034
1963
2043
2070
2348
2575
2837
3133
2904
3020
2682
2446
2286
2411
2579
2394
2343
2358
2216
2096
2172
1673
1779
1589
1607
1613
1602
1569
1408
1242
1207
1155
1135
1005
959
1011
1054
1014
951
939
902
879
913
880
835
896
998
1133
1153
1428
1664
1951
2060
2180
2115
2379
2338
2405
2329
2334
2490
2196
2055
1779
1690
1635
1566
1579
1701
1794
1887
1550
1460
1620
1504
1561
1661
1850
1955
2077
2256
2235
2385
2357
2100
2152
2341
2383
2364
2457
2213
2205
2250
2299
2198
2014
2033
1875
1956
2019
2077
2166
2128
2292
2062
1988
1770
1836
1858
2036
2189
2224
2127
2084
1921
1761
1603
1436
1489
1459
1285
1376
1414
1284
1289
1274
1132
968
765
643
585
493
426
340
359
315
277
275
282
269
297
302
306
354
383
371
387
344
362
365
337
333
334
314
293
338
369
352
347
323
382
339
392
399
369
371
338
294
266
246
281
305
280
297
274
320
258
277
259
281
278
285
283
302
315
340
384
389
415
394
439
445
415
490
433
410
396
348
321
356
385
388
387
386
376
344
373
347
295
296
292
317
307
312
289
291
290
316
318
327
278
335
329
318
295
296
264
304
318
316
327
313
303
354
307
360
351
347
390
332
351
300
330
343
352
378
360
384
383
404
441
404
430
411
416
361
393
321
323
339
331
330
429
494
426
403
445
391
383
397
343
393
361
336
391
336
367
384
346
315
344
363
369
354
401
441
426
428
470
414
403
365
387
367
361
326
368
402
370
373
423
465
415
385
365
324
318
326
278
344
351
332
316
357
327
312
289
286
274
288
256
249
276
272
280
267
288
296
280
274
295
290
311
348
315
322
307
350
370
315
295
302
315
347
329
291
284
257
260
332
342
380
366
337
279
272
286
301
260
303
263
276
268
299
280
277
262
315
347
371
339
340
364
395
332
345
377
330
345
313
279
270
329
324
309
332
343
315
280
282
333
311
305
293
310
333
334
327
351
347
391
450
456
503
475
386
375
335
316
317
302
321
263
267
313
285
295
261
238
294
331
351
363
385
419
422
454
447
400
378
368
355
343
331
339
323
341
345
356
311
317
359
370
335
376
355
395
394
360
365
374
355
354
318
280
294
301
263
282
275
308
329
340
364
375
409
398
393
371
380
345
331
342
324
307
298
300
330
323
284
282
300
304
318
335
328
383
412
459
449
419
381
333
327
306
329
336
312
279
307
251
271
287
294
362
393
388
417
395
401
415
425
386
327
321
281
278
300
272
304
313
353
372
349
378
325
306
332
309
358
398
362
337
358
370
376
315
344
357
353
314
297
271
310
262
304
291
290
305
331
327
346
323
353
318
305
332
365
317
315
358
337
344
317
343
384
338
363
360
338
405
434
382
358
322
363
346
361
350
335
348
345
389
393
376
353
295
291
295
298
310
289
294
290
288
320
306
323
321
325
306
326
346
377
321
324
318
327
349
307
310
287
301
287
325
276
321
289
316
345
349
326
364
362
373
358
337
298
310
240
232
256
239
267
237
258
241
254
268
295
344
374
392
407
432
426
446
450
423
375
343
318
322
268
277
264
251
265
248
261
247
245
300
327
284
281
291
337
390
361
347
377
388
341
397
407
482
551
526
461
442
380
381
386
367
324
294
282
320
274
283
291
326
280
341
362
359
377
424
402
447
427
420
420
445
378
412
365
324
328
308
269
273
313
287
298
290
296
334
323
311
326
306
341
356
362
394
366
379
341
342
341
396
350
317
330
350
415
442
416
394
358
350
337
309
284
285
272
261
271
251
245
262
237
270
258
304
294
286
279
319
310
315
306
327
364
385
424
455
415
421
420
411
367
356
342
350
369
366
341
309
271
347
352
354
344
386
390
400
385
351
338
323
346
341
331
374
363
328
339
350
340
329
318
372
339
348
326
357
353
332
281
286
273
275
270
313
309
333
333
345
290
288
296
304
328
333
313
296
336
335
358
361
298
372
361
365
387
406
352
378
422
324
376
328
300
300
308
295
286
303
320
296
282
320
280
327
330
311
314
305
340
290
279
260
310
289
307
297
289
306
299
299
331
310
290
322
343
357
346
366
413
428
401
463
428
424
443
405
369
350
341
282
286
244
262
223
255
228
237
241
229
229
263
313
296
362
381
361
336
372
365
388
370
378
367
368
367
376
373
408
385
361
423
518
505
593
605
544
470
415
384
378
372
311
301
309
303
320
317
315
315
334
315
315
320
306
363
388
424
420
439
365
339
297
310
272
282
282
261
281
294
306
316
348
372
409
393
401
340
360
357
390
429
451
444
431
489
400
302
319
271
281
286
273
266
277
309
243
266
242
255
262
232
245
250
244
315
309
310
328
357
364
395
410
361
408
400
417
399
372
438
389
437
418
386
374
338
332
378
354
380
366
350
326
337
312
317
333
302
276
311
340
323
287
303
309
303
289
299
264
296
305
269
367
333
329
325
339
316
317
313
337
277
277
275
311
258
327
329
285
330
367
363
347
359
373
394
407
411
451
522
524
509
424
396
323
296
264
282
273
287
288
315
298
340
341
336
393
339
323
308
328
346
376
350
366
405
355
405
419
428
374
332
339
314
328
310
268
260
266
283
259
274
324
347
472
474
544
499
435
408
401
363
322
293
281
277
274
260
230
251
277
267
290
273
292
334
339
335
323
341
392
328
376
360
411
371
352
407
397
410
412
384
352
360
329
364
370
376
333
308
309
286
312
342
316
327
362
355
355
346
406
443
417
378
361
346
360
370
350
325
290
350
349
337
367
347
358
391
391
351
347
360
390
394
362
353
365
377
367
378
354
367
321
345
359
346
347
350
337
382
314
324
321
345
396
341
328
308
325
368
323
347
351
421
431
482
398
324
319
325
295
286
274
224
231
255
257
261
254
273
295
305
324
367
357
382
402
347
394
375
382
344
345
404
359
404
433
440
448
417
393
438
343
377
325
291
320
321
307
348
342
342
285
265
273
284
296
295
318
338
324
377
345
399
444
454
385
396
374
339
361
345
334
356
337
350
341
347
335
338
302
333
336
367
317
314
334
322
345
313
376
387
461
453
440
388
402
369
376
316
322
292
298
305
329
361
322
318
287
339
315
310
284
285
264
280
268
291
310
296
314
318
349
343
369
361
400
352
320
305
324
325
336
305
331
365
375
382
389
409
416
409
361
358
329
331
301
272
298
302
315
333
334
415
379
396
366
378
351
387
349
340
339
317
339
285
300
371
357
346
350
369
344
363
334
390
340
341
337
402
376
329
336
322
302
308
279
327
274
259
305
274
246
272
278
256
246
302
278
306
332
308
282
353
374
354
362
383
367
313
326
316
381
379
393
364
313
293
300
288
295
326
322
305
322
312
304
331
331
305
369
371
327
333
357
336
353
335
320
307
271
288
251
258
237
239
263
282
277
286
266
324
321
307
313
308
332
377
401
361
397
364
394
374
345
346
358
288
308
341
348
324
343
355
361
362
314
348
340
311
335
303
304
322
284
253
260
267
285
305
315
334
425
398
446
535
573
590
625
638
685
609
641
565
543
469
462
434
410
417
369
377
411
444
479
454
446
456
408
408
383
355
337
309
306
285
244
288
260
300
338
312
295
308
290
362
370
440
449
429
388
458
354
352
307
282
296
265
274
306
275
291
289
266
205
197
178
172
154
155
190
171
193
178
225
258
292
331
390
432
512
537
471
491
466
467
416
371
340
336
287
268
261
267
250
273
325
337
347
332
408
532
520
414
371
380
290
306
291
269
314
285
288
287
317
305
310
317
272
320
311
326
324
321
341
335
323
317
309
314
352
354
312
375
349
359
352
332
323
344
340
368
434
454
509
573
570
516
482
518
507
494
483
525
498
482
426
404
405
333
319
299
257
291
298
280
270
279
249
278
303
351
355
325
351
364
315
338
323
335
350
378
377
328
347
315
311
381
377
359
361
368
392
389
344
385
355
311
311
292
295
299
273
354
367
346
371
363
360
353
350
390
383
409
469
475
550
516
497
485
421
387
322
321
332
320
355
309
266
240
259
290
277
316
308
291
308
316
327
387
362
384
353
348
320
298
332
326
321
354
351
351
364
417
438
462
435
446
423
450
366
315
294
291
307
269
296
347
338
342
334
338
315
356
333
346
414
346
312
308
309
312
273
284
306
289
273
252
263
241
280
259
262
293
307
320
304
307
340
321
319
312
331
334
366
393
352
400
438
460
469
494
567
660
622
609
550
595
571
505
454
479
469
446
469
413
396
373
414
422
375
378
401
369
380
359
351
369
378
397
372
337
349
294
324
339
321
341
366
431
455
499
501
404
399
338
299
320
326
289
274
269
254
301
264
259
274
289
290
297
284
299
281
340
350
399
495
503
404
394
358
356
336
318
337
304
280
264
287
335
323
299
304
373
328
327
354
337
333
328
308
381
362
390
333
331
341
371
354
362
389
363
404
479
566
574
597
519
472
426
355
367
345
314
298
325
279
316
338
342
389
404
407
397
315
329
307
273
297
287
296
288
310
292
369
370
361
390
375
418
413
424
354
317
326
280
269
302
312
324
332
351
353
426
462
451
433
367
343
316
315
273
273
259
253
247
264
227
241
234
271
284
299
338
388
387
459
410
426
365
390
379
342
321
297
298
302
330
304
287
353
346
368
413
435
444
374
395
352
393
422
382
439
452
580
635
664
816
841
802
858
854
873
810
797
762
765
806
690
704
744
718
740
727
787
832
859
911
912
929
725
688
591
583
567
629
635
618
594
557
506
454
326
289
322
314
302
321
302
301
327
284
293
318
304
322
331
317
282
265
263
301
312
323
349
346
374
366
377
372
382
415
418
439
404
394
327
353
372
361
316
309
333
282
294
278
286
277
339
364
405
393
423
449
410
402
329
375
358
307
274
288
290
284
264
277
283
313
331
340
362
356
376
420
426
454
419
410
399
360
356
326
320
260
311
299
275
285
261
295
296
256
293
309
316
291
330
293
355
309
324
345
355
340
349
332
374
364
424
481
522
520
578
628
731
835
897
1017
1055
962
966
1004
917
830
828
811
743
716
739
709
685
712
719
656
670
685
698
736
692
632
647
601
574
523
461
453
435
466
438
406
369
373
328
312
269
272
297
310
255
286
284
278
316
291
341
338
308
355
338
355
345
343
334
371
455
478
482
454
423
415
429
400
422
416
380
399
354
298
292
303
298
350
303
314
313
349
372
331
379
319
350
358
348
318
326
306
307
331
360
373
381
375
369
345
372
411
388
403
365
327
280
300
302
334
299
295
346
292
267
310
272
276
298
324
314
337
336
351
383
402
341
301
310
336
296
326
319
313
335
334
330
343
297
302
276
283
324
301
310
321
325
375
390
410
435
390
409
372
339
371
374
396
382
378
337
306
346
336
305
317
276
320
296
305
295
365
366
419
394
383
351
372
373
340
325
350
286
328
319
305
364
368
334
367
349
300
316
320
310
302
279
242
260
272
265
294
300
307
277
293
327
335
375
389
366
348
379
388
351
382
363
382
355
394
365
373
342
324
314
326
317
292
254
289
307
305
276
298
308
297
264
294
285
348
361
374
397
404
432
428
470
453
478
457
364
367
319
342
328
301
323
327
323
271
316
348
333
362
395
388
333
363
392
367
379
337
309
361
316
322
296
279
294
262
289
286
247
281
221
272
265
282
281
291
284
291
314
347
371
385
354
399
382
356
391
436
485
514
529
476
516
523
557
574
527
571
546
576
516
465
377
334
346
311
328
305
331
325
342
359
334
331
346
274
302
263
295
254
270
251
258
287
271
251
244
259
298
303
326
339
378
392
409
441
421
437
413
426
417
416
407
411
392
398
418
402
413
359
333
358
324
336
349
342
369
365
382
343
363
361
353
310
295
343
348
374
323
361
283
272
288
291
287
247
236
287
278
323
325
356
321
280
330
355
394
374
418
423
408
374
322
322
348
350
372
310
328
280
296
303
321
296
290
332
299
290
307
315
328
335
346
303
351
354
332
370
383
398
407
426
405
447
455
454
465
464
425
367
326
314
296
339
380
433
512
524
490
506
391
464
405
365
310
277
276
281
272
274
254
265
285
288
301
302
292
329
376
373
419
392
361
382
344
346
339
320
319
337
327
361
325
285
351
275
317
310
277
324
295
307
304
323
296
335
325
320
359
359
342
379
355
426
385
432
447
383
345
344
317
307
333
331
310
323
302
281
302
314
333
375
402
410
429
455
407
483
471
474
448
400
391
338
308
313
291
307
288
324
362
349
408
396
407
440
397
380
325
356
306
300
314
287
341
337
340
332
366
369
411
377
315
298
270
278
263
278
259
259
268
276
277
288
269
295
324
314
321
372
383
429
471
512
531
447
478
439
492
510
484
511
496
432
380
329
305
290
299
268
228
257
247
271
277
324
309
331
315
289
339
293
342
387
384
325
384
380
396
372
358
323
321
363
330
315
339
306
326
305
317
345
371
329
318
358
374
419
436
443
416
405
477
459
480
527
490
438
320
313
283
262
240
240
250
242
287
274
302
283
296
298
260
254
265
310
308
271
296
304
290
313
329
329
327
348
327
353
359
329
334
319
335
324
357
349
427
449
526
529
511
507
451
407
407
351
354
349
386
367
360
316
333
297
296
271
281
261
260
253
257
289
283
283
297
322
351
300
341
357
353
385
390
399
331
348
357
365
339
311
336
357
363
416
416
473
509
451
438
487
477
541
527
483
476
444
400
408
354
286
280
278
254
262
283
240
274
258
270
277
271
323
375
407
392
451
447
493
535
488
445
399
440
395
357
344
365
382
344
326
339
312
312
317
338
328
381
329
342
349
348
372
336
337
322
349
312
333
323
335
319
288
288
317
311
334
363
396
375
437
426
408
377
369
360
355
327
306
273
243
253
278
328
340
328
312
370
333
375
321
329
327
304
305
327
323
336
352
287
309
330
332
334
343
353
348
367
369
365
355
396
431
419
428
463
430
419
448
394
400
334
288
264
321
311
294
303
295
304
286
303
323
271
336
309
334
378
353
353
356
379
377
349
395
402
354
378
361
362
393
367
389
371
363
327
375
333
328
307
346
342
323
338
369
393
382
382
374
358
382
386
373
369
372
337
396
425
311
324
285
282
269
254
253
269
231
292
265
270
254
260
240
257
291
312
305
326
305
291
322
291
318
313
324
326
321
359
359
396
374
333
326
378
396
401
405
409
334
339
341
371
378
370
437
400
418
422
415
419
412
417
370
327
309
313
339
317
306
244
248
247
247
234
267
260
238
222
277
289
302
341
360
331
404
406
393
413
443
384
418
412
389
437
422
413
452
410
487
442
400
390
359
346
353
334
393
349
401
425
475
477
418
485
446
409
339
330
315
293
296
340
388
397
358
422
394
398
383
369
377
420
375
413
401
381
353
414
432
349
401
334
315
338
350
360
301
302
325
336
325
318
323
292
291
319
336
379
377
430
465
529
560
501
443
393
345
320
305
273
268
257
257
247
243
232
259
281
292
281
307
286
329
304
340
310
333
315
359
341
330
357
337
351
348
356
381
398
396
369
398
301
336
374
371
365
325
368
349
333
325
300
292
297
312
345
369
387
373
348
379
329
341
366
330
343
289
334
264
248
263
261
289
292
343
364
385
422
414
451
529
513
473
529
491
404
396
311
273
259
242
219
217
274
267
287
333
420
457
520
567
537
468
425
352
324
293
285
260
311
270
295
262
262
247
270
273
292
296
252
257
268
261
253
260
255
258
279
285
282
301
274
298
299
274
297
300
333
366
405
421
521
619
660
671
662
583
562
596
588
501
509
506
523
527
469
444
429
375
408
432
419
431
424
482
461
432
459
467
473
462
429
469
454
430
402
357
350
339
351
326
348
377
359
373
379
395
361
389
379
452
451
384
363
353
390
413
353
347
344
306
340
318
316
290
255
296
307
314
307
315
352
370
374
365
366
376
415
339
384
354
319
353
384
375
430
415
391
354
362
310
317
325
327
316
334
341
323
315
375
332
351
420
410
437
417
376
383
362
312
360
301
312
316
283
286
275
293
265
291
267
278
273
279
291
298
333
357
354
416
443
457
443
432
426
403
372
390
326
299
313
321
342
317
296
305
305
285
294
300
292
269
318
355
352
387
401
399
414
420
409
392
425
414
388
366
369
374
329
300
315
288
315
308
277
292
285
261
264
271
268
295
315
320
363
338
340
357
393
392
414
438
460
389
348
343
270
288
292
269
269
222
201
211
255
285
261
281
293
303
331
276
294
291
299
309
267
317
362
423
460
424
429
427
441
372
392
414
401
364
356
304
290
285
276
261
245
264
284
271
296
329
326
369
360
325
308
343
321
310
283
262
285
302
319
368
439
455
450
476
453
481
433
417
387
332
319
300
288
325
267
296
274
259
305
250
269
294
289
293
292
300
316
309
334
308
345
349
326
344
363
381
358
353
323
331
335
314
349
362
347
345
319
322
320
332
310
322
282
315
351
289
349
338
337
369
363
409
404
412
413
414
353
339
301
295
342
330
323
295
320
289
298
284
272
315
298
286
305
326
328
305
312
366
354
363
372
377
306
355
384
403
434
415
435
385
360
376
350
316
338
314
312
318
368
361
335
351
338
374
343
340
321
299
280
251
239
259
269
270
251
242
254
260
295
314
258
304
279
268
251
253
282
267
294
284
280
292
336
378
461
480
531
551
500
433
452
398
407
358
291
320
287
341
326
355
322
329
318
289
289
300
269
275
245
258
253
227
284
299
265
306
294
296
328
316
331
351
336
344
340
365
370
436
442
451
452
422
410
407
369
324
330
329
283
298
309
297
345
295
325
360
340
347
292
294
318
257
289
287
262
292
240
263
261
281
272
290
308
284
308
337
319
411
415
435
516
449
438
432
352
346
331
333
315
329
335
337
307
349
326
351
444
415
461
409
403
382
356
331
340
276
271
285
304
299
315
286
238
266
256
275
264
282
327
318
290
355
325
350
296
277
304
332
345
339
373
400
368
373
386
414
404
374
362
344
338
357
347
332
321
319
349
398
385
401
460
410
383
357
362
377
308
287
296
313
295
282
281
286
294
271
328
324
379
401
419
422
382
385
345
377
359
329
323
367
375
357
339
319
332
289
255
280
296
285
282
242
265
263
306
307
354
346
370
354
339
311
318
301
322
315
329
313
311
341
331
362
349
300
282
326
312
318
328
320
306
347
349
354
394
400
420
412
407
387
412
411
341
360
327
353
368
367
382
375
344
312
310
315
296
304
264
249
288
241
260
291
287
316
335
352
355
417
457
494
459
450
383
363
299
324
304
346
346
333
316
313
320
294
319
297
291
252
243
279
243
265
272
270
258
247
268
247
256
260
261
278
323
303
368
414
402
410
437
414
377
342
346
307
283
303
286
284
318
301
280
297
297
346
335
339
367
343
361
334
341
357
337
303
344
333
297
378
408
416
370
388
335
329
396
358
351
344
398
375
323
343
340
322
301
324
287
305
281
285
307
336
337
326
347
323
297
322
330
330
323
348
341
352
317
306
288
300
277
280
339
334
330
300
280
318
271
279
317
302
257
271
285
287
344
359
353
413
373
366
369
422
370
323
342
352
332
392
326
308
314
282
258
249
257
259
278
289
286
328
318
312
350
344
339
365
389
374
339
365
358
395
298
310
357
307
309
291
291
274
293
317
348
328
293
301
250
285
313
255
300
272
289
305
286
280
272
297
330
308
304
362
342
350
347
357
381
348
343
370
399
419
406
409
403
401
381
408
435
408
399
394
325
325
312
279
286
292
293
309
327
326
307
283
283
269
258
278
295
280
299
300
293
346
323
386
359
358
334
325
302
322
299
334
361
464
506
476
401
398
334
328
308
323
308
254
252
257
278
281
294
278
290
304
294
311
315
295
301
305
342
318
295
300
280
294
291
321
289
340
395
398
385
382
364
344
333
364
336
358
374
300
307
341
377
365
344
381
351
299
303
309
255
275
270
285
294
321
333
371
423
458
484
477
377
365
317
283
290
263
229
223
240
250
285
232
265
262
286
248
257
283
306
377
414
431
411
416
439
381
339
316
274
272
255
279
271
268
288
326
326
333
373
380
352
380
359
322
308
323
280
276
273
278
300
294
270
254
261
302
275
272
319
306
296
315
305
348
321
339
378
354
368
334
338
354
434
434
421
403
387
381
386
413
449
423
423
439
365
384
380
371
309
277
275
257
287
274
291
318
300
288
308
288
309
318
334
379
362
333
320
307
327
376
348
386
335
330
296
310
326
261
297
286
292
282
287
275
321
355
344
389
422
367
401
358
410
344
351
321
317
313
351
345
367
314
399
409
460
497
410
376
357
324
289
254
267
265
284
240
242
241
227
288
252
234
242
266
273
283
274
325
331
380
450
444
501
480
473
462
442
415
426
346
324
370
393
372
347
418
378
413
467
412
452
436
389
408
378
361
346
359
410
415
483
454
418
475
501
380
372
318
292
354
399
408
369
387
392
327
306
319
297
327
312
295
301
292
276
336
350
355
333
367
367
374
419
386
447
422
416
447
417
377
345
316
300
278
271
270
257
304
284
253
250
282
275
286
275
292
352
378
318
357
349
331
363
341
386
337
336
341
321
328
318
350
323
347
364
382
405
426
482
424
370
367
307
307
293
285
294
305
300
316
329
303
312
336
346
342
334
350
347
399
414
467
468
401
357
343
349
330
328
298
328
344
324
347
348
361
353
419
381
372
370
394
377
356
414
433
414
426
417
412
351
346
326
358
348
352
330
300
298
308
293
283
314
330
294
281
286
303
292
299
346
343
371
323
330
352
366
355
294
293
286
339
322
308
319
310
320
316
369
345
419
401
419
436
531
462
410
417
383
352
369
349
380
416
461
445
486
375
418
376
349
372
295
304
303
302
300
319
287
271
306
323
406
431
429
396
389
348
337
315
276
265
279
278
269
275
292
301
299
265
307
359
406
435
465
495
500
467
376
334
296
303
303
263
233
239
244
243
255
256
275
282
287
271
313
338
361
425
395
399
393
400
395
343
370
373
364
332
280
317
302
323
354
340
342
354
359
332
335
353
404
355
385
352
338
332
304
301
284
313
287
299
296
301
301
328
318
345
334
366
356
330
320
328
326
337
354
340
365
356
384
351
395
447
486
514
453
418
402
372
339
368
315
301
314
293
293
364
370
398
408
385
457
530
584
622
625
663
741
794
761
687
621
568
525
526
502
461
445
434
416
453
416
487
488
430
416
304
347
319
314
304
312
371
367
352
349
358
285
316
326
364
370
393
414
325
332
364
411
390
344
330
292
324
308
306
324
299
315
349
388
410
427
402
398
358
329
320
305
249
254
352
322
324
287
278
282
287
295
241
259
281
329
350
359
344
391
386
359
365
314
292
303
303
310
336
367
399
345
339
330
309
344
299
336
284
283
315
295
286
308
273
296
327
303
309
331
367
374
410
406
396
354
354
349
403
381
350
368
450
468
498
453
431
383
326
354
308
290
299
345
347
394
368
357
368
252
255
243
284
267
262
275
329
356
364
442
452
480
413
385
324
358
341
340
326
324
270
301
314
307
309
317
282
303
302
296
316
334
317
321
342
374
334
291
352
360
399
422
422
478
461
405
403
364
331
271
270
275
266
260
271
282
308
312
317
309
366
339
336
343
341
331
399
381
384
373
327
342
325
367
322
340
356
385
374
395
430
399
379
371
377
341
363
410
384
419
372
364
339
335
351
357
331
311
293
288
296
253
242
252
248
235
257
285
290
333
336
369
354
391
419
413
430
436
449
391
383
340
317
320
371
405
327
318
357
357
377
393
332
309
309
306
297
336
347
397
398
400
371
330
346
304
308
303
308
308
311
323
343
327
319
348
330
332
346
348
360
337
330
320
354
346
378
370
390
394
427
416
405
391
374
315
319
307
317
287
293
297
302
348
298
339
307
300
298
341
344
343
359
336
367
316
316
323
317
302
289
288
280
273
308
325
343
364
326
355
352
365
400
393
396
373
388
383
407
424
439
405
409
425
455
389
380
418
413
412
462
519
446
388
353
345
338
299
295
273
291
279
260
287
273
257
294
332
331
354
315
411
371
365
372
373
378
339
339
340
349
347
348
393
401
376
409
393
358
349
333
290
322
351
337
415
368
380
434
368
400
418
453
430
424
390
320
332
310
282
241
306
252
263
249
268
251
246
259
238
262
287
294
290
326
346
361
369
357
391
403
407
421
388
345
376
330
286
319
280
285
281
317
267
280
344
319
391
408
384
420
417
428
369
362
372
357
363
343
354
314
408
458
481
522
503
380
450
409
327
319
337
273
255
270
263
256
281
264
274
274
328
270
261
312
317
335
325
350
365
367
387
371
366
321
312
285
335
345
357
390
337
403
382
436
430
433
421
376
376
336
330
315
339
389
330
362
320
385
373
392
394
335
363
337
338
319
285
297
298
292
298
318
312
387
421
467
449
423
359
357
335
318
317
317
316
318
306
314
300
300
324
284
307
365
326
335
347
384
424
383
408
364
375
375
393
388
397
336
348
327
326
310
302
333
342
380
428
459
467
455
466
394
350
335
304
277
279
293
261
295
296
272
309
286
314
305
295
339
379
408
391
421
414
418
400
354
318
302
322
314
312
273
302
305
316
330
353
370
398
386
387
374
361
377
390
391
366
312
301
272
254
281
325
303
339
379
368
359
368
351
394
380
393
437
401
394
393
428
427
367
388
365
351
327
321
340
327
292
297
299
304
343
343
349
320
337
354
322
307
300
331
277
296
285
283
301
287
269
303
302
333
299
306
357
336
394
375
433
417
440
440
391
426
424
407
413
368
330
317
329
317
321
329
326
331
323
332
364
361
348
357
351
332
326
361
403
376
376
434
440
421
422
431
415
485
436
439
382
346
339
333
336
308
355
311
335
293
273
281
277
316
345
318
332
339
332
372
376
380
338
384
372
361
355
356
367
360
388
373
407
384
426
352
384
356
337
338
275
289
265
293
336
330
355
340
416
407
410
376
351
301
261
240
267
297
235
262
244
296
287
350
327
352
346
366
363
383
355
383
384
372
389
458
450
445
374
353
316
326
282
273
278
220
255
254
290
264
291
304
318
326
359
356
342
317
299
322
310
340
362
367
368
360
396
366
450
358
381
376
377
426
419
407
405
362
371
310
310
281
284
273
255
244
264
265
291
320
300
358
429
481
495
488
492
411
340
308
340
264
271
284
248
246
231
242
230
292
291
284
287
293
285
298
311
301
319
363
370
353
382
401
369
364
377
373
381
336
348
363
323
332
301
325
325
318
321
301
284
298
236
325
350
423
429
453
446
443
436
387
327
305
308
297
295
283
266
270
246
235
244
237
259
287
291
326
293
332
342
345
342
375
373
409
402
341
362
353
358
340
332
321
353
322
380
340
325
301
280
328
346
361
360
333
338
326
343
333
332
312
315
307
298
337
281
279
285
322
309
327
322
320
284
299
306
320
309
337
318
331
401
400
364
387
392
352
366
351
350
350
349
333
320
338
356
326
384
365
339
355
322
341
346
389
351
366
420
408
467
478
507
515
506
497
465
448
383
274
303
332
314
317
314
283
271
276
311
356
371
375
407
376
394
347
383
390
394
426
416
413
379
377
326
296
312
255
315
310
312
319
358
373
341
354
380
323
331
356
350
364
355
368
391
353
325
337
312
275
326
315
313
280
330
371
341
325
326
312
375
390
436
405
368
366
362
403
359
407
392
407
359
343
353
345
335
318
334
323
328
353
371
347
396
374
352
345
373
343
309
302
277
259
254
237
260
273
234
251
288
272
292
302
330
338
362
332
333
380
355
390
361
392
428
453
444
391
410
399
385
384
360
373
399
377
379
379
410
404
358
358
317
321
313
280
294
279
312
282
281
302
326
286
332
353
361
362
362
365
387
374
373
400
424
437
448
460
465
407
416
399
348
336
344
273
288
370
337
310
306
300
313
323
330
275
330
324
281
332
308
308
331
351
300
284
285
288
314
309
275
345
377
365
371
364
385
419
410
443
412
406
405
380
391
326
313
332
341
372
374
372
355
407
418
415
410
373
367
384
412
414
463
349
371
344
317
346
349
346
285
319
266
281
302
334
359
350
401
397
372
370
365
337
382
370
400
322
324
302
303
328
339
316
324
352
333
338
347
374
355
329
310
316
284
273
273
294
258
258
271
262
284
286
283
250
283
253
281
260
291
288
328
295
320
301
338
333
316
352
358
384
446
505
474
444
471
483
476
441
408
407
397
402
406
383
365
342
334
316
357
383
373
376
346
372
363
357
372
321
326
351
297
315
303
286
282
291
260
278
281
313
302
279
308
331
344
349
348
352
367
353
351
329
335
352
380
377
299
330
345
323
341
330
357
319
316
324
345
372
377
358
367
330
337
319
343
371
380
366
336
384
336
368
381
402
422
412
423
412
357
341
311
282
338
296
317
290
294
285
300
307
337
296
265
259
293
292
292
291