0.999
0.996
0.999
0.999
0.998
0.917
0.999
0.981
0.996
0.994
0.992
0.996
0.744
0.982
1.
0.992
0.997
0.993
0.988
0.998
0.998
0.981
0.982
0.993
0.995
0.978
0.999
0.996
0.999
0.991
0.968
1.
0.995
1.
0.97
0.1
0.995
0.998
0.983
0.998
0.976
0.999
0.999
0.992
0.998
0.971
0.966
0.987
0.998
0.993
0.999
0.991
0.992
0.953
0.984
1.
0.993
0.994
0.995
0.976
0.995
1.
0.993
0.998
0.988
0.998
0.996
0.99
0.999
0.91
0.996
0.983
0.999
0.996
0.921
0.987
0.997
0.967
0.997
0.983
0.995
0.997
0.98
0.997
0.985
0.987
0.99
0.991
0.999
0.997
0.993
0.99
1.
0.996
0.997
0.997
0.999
0.994
0.989
0.997