0.850396
24.23751
0.697402
17.583436
0.790642
3.861482
0.7684
16.824592
0.87087
17.318028
0.81404
11.646342
0.75078
5.953963
0.694713
21.365954
0.79262
10.148795
0.814529
12.853355
0.749681
10.420128
0.731152
23.056101
0.872583
7.350412
0.635309
17.625729
0.928408
20.034212
0.759272
10.064501
0.606971
22.883603
0.759442
16.04899
0.816409
11.042054
0.729857
20.664375
0.693344
23.583562
0.585457
20.654661
0.739624
15.481262
0.718181
15.662363
0.728619
23.921136
0.768204
7.71824
0.645701
21.463672
0.685623
13.969096
0.728771
21.445196
0.696105
17.83993
0.763503
6.29729
0.854322
24.652593
0.771063
14.316321
0.735765
21.1867
0.833335
7.628076
0.603475
18.438732
0.783917
24.537677
0.526795
14.120231
0.712511
20.11022
0.713714
22.118209
0.790979
0.5957
0.766609
22.846525
0.663418
22.264016
0.849641
13.594587
0.818381
14.923775
0.76468
10.009982
0.795739
5.48117
0.788062
2.140594
0.811233
4.658338
0.755666
7.615843
0.607906
17.211578
0.762655
11.836671
0.779579
24.002656
0.699042
11.174794
0.859816
18.660317
0.715115
10.750296
0.810927
24.662634
0.774075
7.787103
0.828947
24.716495
0.79407
3.001771
0.725551
9.41913
0.773456
19.064688
0.808146
7.475523
0.717733
21.301682
0.729393
0.847934
0.820972
19.270967
0.798102
13.613164
0.767314
12.588515
0.697756
22.456048
0.601828
22.613958
0.730836
19.023831
0.676951
7.019183
0.841928
15.362489
0.785551
1.245841
0.617522
6.82708
0.82297
14.390793
0.858436
8.253501
0.667877
13.780432
0.613883
22.410121
0.548065
9.027335
0.773556
12.830175
0.853972
14.044931
0.764978
12.451105
1.014138
16.722186
0.693241
1.14258
0.708656
0.937925
0.605446
17.263966
0.680899
12.706112
0.783673
20.149405
0.81157
19.999247
0.750976
9.920995
0.789883
11.523956
0.799458
18.065283
0.718544
12.907785
0.790158
11.52044
0.80266
9.180123
0.828679
16.032185
0.838862
16.935127
0.776535
8.796461
0.644441
21.567759