1.5207364645559482
1.5332681598657916
1.571427646439749
1.5643509023426247
1.4947628476425951
0.8529613626644355
5.918378719372002
5.043707578077391
4.974482255571704
4.71499693221479
1.5709552117504455
1.5836143062704253
1.5602969484935534
1.3679635056943216
1.3992303918003326
1.1037947792326208
5.832057084792958
5.1436444595347
5.008233521975548
4.701211710371611
1.5739139465334293
1.5733769186131603
1.4091121525987809
1.4300662224249663
1.4690829731619397
0.7756764343889017
5.2128992286731215
5.030182214937833
4.826381516319832
4.734806390651699
1.5692721984652525
1.5666810669904785
1.5649305150574515
1.525933469919164
1.5407116184408665
1.0990640070163515
4.737594218301258
4.765066177150657
4.711721456703277
4.714653005649131
1.5867164540529402
1.5389236186870034
1.6179460156608108
1.5112903159465612
1.5446292023157524
1.7273710182425643
4.589894273650833
4.690959158598953
4.707499026993114
4.642329672600222
1.5711961911930965
1.6268173788769247
1.5699507970430238
1.5656528992965995
1.5561181138983093
1.6293567865496617
4.438244651868684
4.652495659858614
4.509671714208227
4.748097501974845
1.5712717223887651
1.571774125693507
1.5248246683987692
1.6238162574495751
1.4154968984016743
2.053430245018146
4.166762460806868
4.607590320168327
4.780435583638388
4.528372702939464
1.374044943366554
1.5775546701196186
1.5761466488704254
1.8100035588267047
2.034840376998169
2.0539986678222473
4.00004688171403
4.237244737253668
4.799718857965984
4.483811181758485
1.9339511518009482
1.5647965441403262
1.6105026405662974
1.5476765778063746
2.6131826923040924
3.534465134378868
4.115713314129126
4.322553301768379
4.7130325260855885
1.565915822176445
1.5743030872538182
1.5696470432026306
1.749443040724411
2.636584628091499
3.6670734806638716
3.9174737300956566
4.714149070957792
4.714232537142913