0.05
0.
835.308
0.05
0.7111495434404639
795.4725
0.05
1.4222990868809278
806.612
0.05
2.133448630321392
826.234
0.05
2.8445981737618555
810.8435
0.05
3.555747717202319
806.4415
0.05
4.266897260642784
818.328
0.05
4.978046804083247
813.8965
0.05
5.689196347523711
797.2875
0.05
6.400345890964174
795.905
0.05
7.111495434404638
793.6415
0.05
7.822644977845103
655.128
0.05
8.533794521285568
786.8365
0.05
9.24494406472603
717.4305
0.05
9.956093608166494
742.5265
0.05
10.667243151606957
749.4685
0.05
11.378392695047422
401.5565
0.05
12.089542238487887
553.009
0.05
12.800691781928348
336.6
0.05
13.511841325368813
298.5355
0.05
14.222990868809276
208.0025
0.05
14.934140412249741
245.9095
0.05
15.645289955690206
336.3625
0.05
16.35643949913067
384.0835
0.05
17.067589042571136
401.1415
0.05
17.778738586011595
438.617
0.05
18.48988812945206
516.8055
0.05
19.201037672892525
525.5345
0.05
19.91218721633299
563.7215
0.05
20.623336759773455
577.4105
0.05
21.334486303213914
594.749
0.1
0.
718.95
0.1
0.7111495434404639
707.325
0.1
1.4222990868809278
747.926
0.1
2.133448630321392
723.804
0.1
2.8445981737618555
748.7345
0.1
3.555747717202319
772.141
0.1
4.266897260642784
726.6315
0.1
4.978046804083247
738.867
0.1
5.689196347523711
680.6315
0.1
6.400345890964174
729.1615
0.1
7.111495434404638
736.3765
0.1
7.822644977845103
724.751
0.1
8.533794521285568
645.695
0.1
9.24494406472603
741.4695
0.1
9.956093608166494
718.9265
0.1
10.667243151606957
715.42
0.1
11.378392695047422
681.396
0.1
12.089542238487887
589.8495
0.1
12.800691781928348
595.841
0.1
13.511841325368813
512.784
0.1
14.222990868809276
516.9605
0.1
14.934140412249741
259.1445
0.1
15.645289955690206
318.6805
0.1
16.35643949913067
374.621
0.1
17.067589042571136
433.9135
0.1
17.778738586011595
466.0365
0.1
18.48988812945206
504.4515
0.1
19.201037672892525
556.457
0.1
19.91218721633299
566.5955
0.1
20.623336759773455
571.3015
0.1
21.334486303213914
589.341
0.15000000000000002
0.
689.723
0.15000000000000002
0.7111495434404639
647.441
0.15000000000000002
1.4222990868809278
668.606
0.15000000000000002
2.133448630321392
688.233
0.15000000000000002
2.8445981737618555
667.7335
0.15000000000000002
3.555747717202319
698.174
0.15000000000000002
4.266897260642784
704.142
0.15000000000000002
4.978046804083247
650.2525
0.15000000000000002
5.689196347523711
715.163
0.15000000000000002
6.400345890964174
742.4795
0.15000000000000002
7.111495434404638
671.037
0.15000000000000002
7.822644977845103
641.831
0.15000000000000002
8.533794521285568
674.084
0.15000000000000002
9.24494406472603
714.939
0.15000000000000002
9.956093608166494
699.9765
0.15000000000000002
10.667243151606957
641.261
0.15000000000000002
11.378392695047422
579.599
0.15000000000000002
12.089542238487887
592.1355
0.15000000000000002
12.800691781928348
589.85
0.15000000000000002
13.511841325368813
561.3515
0.15000000000000002
14.222990868809276
419.3395
0.15000000000000002
14.934140412249741
317.28
0.15000000000000002
15.645289955690206
332.8215
0.15000000000000002
16.35643949913067
393.225
0.15000000000000002
17.067589042571136
444.6095
0.15000000000000002
17.778738586011595
460.008
0.15000000000000002
18.48988812945206
479.8115
0.15000000000000002
19.201037672892525
529.005
0.15000000000000002
19.91218721633299
538.702
0.15000000000000002
20.623336759773455
595.862
0.15000000000000002
21.334486303213914
590.6475
0.2
0.
746.8015
0.2
0.7111495434404639
725.5055
0.2
1.4222990868809278
718.3
0.2
2.133448630321392
739.197
0.2
2.8445981737618555
739.445
0.2
3.555747717202319
674.4435
0.2
4.266897260642784
736.4465
0.2
4.978046804083247
763.947
0.2
5.689196347523711
763.079
0.2
6.400345890964174
744.6995
0.2
7.111495434404638
717.966
0.2
7.822644977845103
685.398
0.2
8.533794521285568
716.3235
0.2
9.24494406472603
669.841
0.2
9.956093608166494
644.4735
0.2
10.667243151606957
640.164
0.2
11.378392695047422
684.1085
0.2
12.089542238487887
617.2855
0.2
12.800691781928348
592.878
0.2
13.511841325368813
600.2675
0.2
14.222990868809276
456.367
0.2
14.934140412249741
508.7355
0.2
15.645289955690206
322.8995
0.2
16.35643949913067
405.058
0.2
17.067589042571136
424.9095
0.2
17.778738586011595
473.7325
0.2
18.48988812945206
504.8175
0.2
19.201037672892525
522.8215
0.2
19.91218721633299
548.2115
0.2
20.623336759773455
572.078
0.2
21.334486303213914
584.5175
0.25
0.
741.346
0.25
0.7111495434404639
723.617
0.25
1.4222990868809278
751.9995
0.25
2.133448630321392
732.626
0.25
2.8445981737618555
697.007
0.25
3.555747717202319
726.727
0.25
4.266897260642784
717.68
0.25
4.978046804083247
695.988
0.25
5.689196347523711
733.1705
0.25
6.400345890964174
745.197
0.25
7.111495434404638
727.4175
0.25
7.822644977845103
710.7265
0.25
8.533794521285568
741.385
0.25
9.24494406472603
717.1115
0.25
9.956093608166494
714.4135
0.25
10.667243151606957
686.424
0.25
11.378392695047422
676.334
0.25
12.089542238487887
656.123
0.25
12.800691781928348
644.4535
0.25
13.511841325368813
617.042
0.25
14.222990868809276
493.561
0.25
14.934140412249741
380.7695
0.25
15.645289955690206
377.501
0.25
16.35643949913067
393.8655
0.25
17.067589042571136
441.075
0.25
17.778738586011595
459.682
0.25
18.48988812945206
490.3585
0.25
19.201037672892525
533.299
0.25
19.91218721633299
550.345
0.25
20.623336759773455
589.2835
0.25
21.334486303213914
620.061
0.30000000000000004
0.
765.8055
0.30000000000000004
0.7111495434404639
747.9255
0.30000000000000004
1.4222990868809278
720.603
0.30000000000000004
2.133448630321392
762.161
0.30000000000000004
2.8445981737618555
769.778
0.30000000000000004
3.555747717202319
772.3315
0.30000000000000004
4.266897260642784
763.22
0.30000000000000004
4.978046804083247
727.27
0.30000000000000004
5.689196347523711
741.685
0.30000000000000004
6.400345890964174
740.93
0.30000000000000004
7.111495434404638
730.7455
0.30000000000000004
7.822644977845103
751.3865
0.30000000000000004
8.533794521285568
738.2305
0.30000000000000004
9.24494406472603
725.8245
0.30000000000000004
9.956093608166494
707.828
0.30000000000000004
10.667243151606957
716.7785
0.30000000000000004
11.378392695047422
701.322
0.30000000000000004
12.089542238487887
668.2125
0.30000000000000004
12.800691781928348
650.601
0.30000000000000004
13.511841325368813
616.57
0.30000000000000004
14.222990868809276
480.259
0.30000000000000004
14.934140412249741
403.7885
0.30000000000000004
15.645289955690206
390.537
0.30000000000000004
16.35643949913067
397.9615
0.30000000000000004
17.067589042571136
447.7465
0.30000000000000004
17.778738586011595
479.518
0.30000000000000004
18.48988812945206
493.7635
0.30000000000000004
19.201037672892525
541.0785
0.30000000000000004
19.91218721633299
534.9205
0.30000000000000004
20.623336759773455
577.7115
0.30000000000000004
21.334486303213914
616.7745
0.35000000000000003
0.
759.841
0.35000000000000003
0.7111495434404639
754.751
0.35000000000000003
1.4222990868809278
742.2365
0.35000000000000003
2.133448630321392
758.118
0.35000000000000003
2.8445981737618555
751.518
0.35000000000000003
3.555747717202319
766.5215
0.35000000000000003
4.266897260642784
748.205
0.35000000000000003
4.978046804083247
766.1165
0.35000000000000003
5.689196347523711
761.8285
0.35000000000000003
6.400345890964174
773.02
0.35000000000000003
7.111495434404638
741.264
0.35000000000000003
7.822644977845103
760.6055
0.35000000000000003
8.533794521285568
749.314
0.35000000000000003
9.24494406472603
731.4545
0.35000000000000003
9.956093608166494
704.39
0.35000000000000003
10.667243151606957
726.498
0.35000000000000003
11.378392695047422
707.871
0.35000000000000003
12.089542238487887
712.7215
0.35000000000000003
12.800691781928348
684.3895
0.35000000000000003
13.511841325368813
681.685
0.35000000000000003
14.222990868809276
568.7005
0.35000000000000003
14.934140412249741
412.6855
0.35000000000000003
15.645289955690206
441.32
0.35000000000000003
16.35643949913067
423.7025
0.35000000000000003
17.067589042571136
454.8695
0.35000000000000003
17.778738586011595
491.488
0.35000000000000003
18.48988812945206
496.108
0.35000000000000003
19.201037672892525
536.8655
0.35000000000000003
19.91218721633299
561.0435
0.35000000000000003
20.623336759773455
585.2825
0.35000000000000003
21.334486303213914
602.862
0.4
0.
769.05
0.4
0.7111495434404639
767.2265
0.4
1.4222990868809278
763.794
0.4
2.133448630321392
776.952
0.4
2.8445981737618555
766.6945
0.4
3.555747717202319
777.944
0.4
4.266897260642784
774.2345
0.4
4.978046804083247
774.9755
0.4
5.689196347523711
754.47
0.4
6.400345890964174
743.4835
0.4
7.111495434404638
756.8985
0.4
7.822644977845103
724.5915
0.4
8.533794521285568
749.3515
0.4
9.24494406472603
752.168
0.4
9.956093608166494
753.928
0.4
10.667243151606957
721.2805
0.4
11.378392695047422
739.272
0.4
12.089542238487887
728.4115
0.4
12.800691781928348
699.407
0.4
13.511841325368813
644.8485
0.4
14.222990868809276
554.715
0.4
14.934140412249741
418.595
0.4
15.645289955690206
437.7155
0.4
16.35643949913067
422.555
0.4
17.067589042571136
450.0745
0.4
17.778738586011595
489.707
0.4
18.48988812945206
501.6725
0.4
19.201037672892525
543.3765
0.4
19.91218721633299
583.669
0.4
20.623336759773455
603.7995
0.4
21.334486303213914
619.5375
0.45
0.
791.4
0.45
0.7111495434404639
785.8565
0.45
1.4222990868809278
773.5745
0.45
2.133448630321392
788.1415
0.45
2.8445981737618555
798.9155
0.45
3.555747717202319
779.584
0.45
4.266897260642784
792.0185
0.45
4.978046804083247
785.098
0.45
5.689196347523711
775.7765
0.45
6.400345890964174
776.572
0.45
7.111495434404638
767.9045
0.45
7.822644977845103
749.4875
0.45
8.533794521285568
757.588
0.45
9.24494406472603
761.184
0.45
9.956093608166494
744.0055
0.45
10.667243151606957
752.474
0.45
11.378392695047422
717.978
0.45
12.089542238487887
725.148
0.45
12.800691781928348
720.316
0.45
13.511841325368813
671.9775
0.45
14.222990868809276
673.354
0.45
14.934140412249741
512.6675
0.45
15.645289955690206
429.154
0.45
16.35643949913067
486.8195
0.45
17.067589042571136
469.5845
0.45
17.778738586011595
545.452
0.45
18.48988812945206
515.4895
0.45
19.201037672892525
595.8215
0.45
19.91218721633299
625.0225
0.45
20.623336759773455
712.445
0.45
21.334486303213914
638.247
0.5
0.
782.9075
0.5
0.7111495434404639
783.936
0.5
1.4222990868809278
781.038
0.5
2.133448630321392
783.3095
0.5
2.8445981737618555
777.0125
0.5
3.555747717202319
780.777
0.5
4.266897260642784
758.39
0.5
4.978046804083247
779.593
0.5
5.689196347523711
771.6855
0.5
6.400345890964174
775.781
0.5
7.111495434404638
771.6835
0.5
7.822644977845103
769.0695
0.5
8.533794521285568
777.7
0.5
9.24494406472603
762.0615
0.5
9.956093608166494
771.504
0.5
10.667243151606957
754.118
0.5
11.378392695047422
756.8105
0.5
12.089542238487887
752.8595
0.5
12.800691781928348
732.836
0.5
13.511841325368813
664.4765
0.5
14.222990868809276
556.9795
0.5
14.934140412249741
491.8995
0.5
15.645289955690206
494.412
0.5
16.35643949913067
531.9055
0.5
17.067589042571136
506.099
0.5
17.778738586011595
560.05
0.5
18.48988812945206
601.878
0.5
19.201037672892525
609.3275
0.5
19.91218721633299
712.34
0.5
20.623336759773455
672.609
0.5
21.334486303213914
728.072
0.55
0.
803.6635
0.55
0.7111495434404639
801.5145
0.55
1.4222990868809278
783.9015
0.55
2.133448630321392
791.7595
0.55
2.8445981737618555
789.2625
0.55
3.555747717202319
801.886
0.55
4.266897260642784
789.207
0.55
4.978046804083247
795.038
0.55
5.689196347523711
792.0585
0.55
6.400345890964174
808.9135
0.55
7.111495434404638
771.431
0.55
7.822644977845103
787.555
0.55
8.533794521285568
781.59
0.55
9.24494406472603
794.5585
0.55
9.956093608166494
773.65
0.55
10.667243151606957
766.048
0.55
11.378392695047422
764.063
0.55
12.089542238487887
763.1495
0.55
12.800691781928348
737.1045
0.55
13.511841325368813
695.281
0.55
14.222990868809276
618.5015
0.55
14.934140412249741
658.666
0.55
15.645289955690206
567.589
0.55
16.35643949913067
599.3415
0.55
17.067589042571136
598.7995
0.55
17.778738586011595
651.286
0.55
18.48988812945206
680.407
0.55
19.201037672892525
703.712
0.55
19.91218721633299
726.1815
0.55
20.623336759773455
813.4715
0.55
21.334486303213914
872.6165
0.6000000000000001
0.
819.745
0.6000000000000001
0.7111495434404639
812.231
0.6000000000000001
1.4222990868809278
812.0095
0.6000000000000001
2.133448630321392
808.618
0.6000000000000001
2.8445981737618555
806.219
0.6000000000000001
3.555747717202319
820.199
0.6000000000000001
4.266897260642784
814.3715
0.6000000000000001
4.978046804083247
811.518
0.6000000000000001
5.689196347523711
817.0825
0.6000000000000001
6.400345890964174
815.4145
0.6000000000000001
7.111495434404638
808.44
0.6000000000000001
7.822644977845103
817.9635
0.6000000000000001
8.533794521285568
790.9195
0.6000000000000001
9.24494406472603
796.7935
0.6000000000000001
9.956093608166494
783.118
0.6000000000000001
10.667243151606957
781.742
0.6000000000000001
11.378392695047422
797.1465
0.6000000000000001
12.089542238487887
767.0905
0.6000000000000001
12.800691781928348
779.363
0.6000000000000001
13.511841325368813
750.1035
0.6000000000000001
14.222990868809276
698.3155
0.6000000000000001
14.934140412249741
648.716
0.6000000000000001
15.645289955690206
594.7795
0.6000000000000001
16.35643949913067
753.5435
0.6000000000000001
17.067589042571136
675.3265
0.6000000000000001
17.778738586011595
720.247
0.6000000000000001
18.48988812945206
808.6645
0.6000000000000001
19.201037672892525
813.5795
0.6000000000000001
19.91218721633299
846.2
0.6000000000000001
20.623336759773455
866.8625
0.6000000000000001
21.334486303213914
889.8545
0.65
0.
853.125
0.65
0.7111495434404639
833.306
0.65
1.4222990868809278
847.064
0.65
2.133448630321392
837.1505
0.65
2.8445981737618555
841.4945
0.65
3.555747717202319
840.291
0.65
4.266897260642784
837.2745
0.65
4.978046804083247
851.741
0.65
5.689196347523711
842.608
0.65
6.400345890964174
833.5525
0.65
7.111495434404638
840.1245
0.65
7.822644977845103
831.5345
0.65
8.533794521285568
820.0385
0.65
9.24494406472603
825.25
0.65
9.956093608166494
816.5815
0.65
10.667243151606957
815.196
0.65
11.378392695047422
806.318
0.65
12.089542238487887
810.38
0.65
12.800691781928348
801.875
0.65
13.511841325368813
778.3465
0.65
14.222990868809276
700.866
0.65
14.934140412249741
688.1105
0.65
15.645289955690206
666.7175
0.65
16.35643949913067
809.2225
0.65
17.067589042571136
843.8375
0.65
17.778738586011595
879.147
0.65
18.48988812945206
885.7465
0.65
19.201037672892525
911.573
0.65
19.91218721633299
916.673
0.65
20.623336759773455
931.559
0.65
21.334486303213914
937.0895
0.7000000000000001
0.
861.001
0.7000000000000001
0.7111495434404639
849.7515
0.7000000000000001
1.4222990868809278
853.7875
0.7000000000000001
2.133448630321392
851.908
0.7000000000000001
2.8445981737618555
862.201
0.7000000000000001
3.555747717202319
855.7175
0.7000000000000001
4.266897260642784
851.486
0.7000000000000001
4.978046804083247
851.9315
0.7000000000000001
5.689196347523711
848.7295
0.7000000000000001
6.400345890964174
855.7145
0.7000000000000001
7.111495434404638
849.548
0.7000000000000001
7.822644977845103
847.5475
0.7000000000000001
8.533794521285568
849.628
0.7000000000000001
9.24494406472603
842.414
0.7000000000000001
9.956093608166494
832.6445
0.7000000000000001
10.667243151606957
829.6675
0.7000000000000001
11.378392695047422
799.678
0.7000000000000001
12.089542238487887
792.114
0.7000000000000001
12.800691781928348
755.3585
0.7000000000000001
13.511841325368813
773.4175
0.7000000000000001
14.222990868809276
809.8795
0.7000000000000001
14.934140412249741
806.572
0.7000000000000001
15.645289955690206
856.3535
0.7000000000000001
16.35643949913067
882.494
0.7000000000000001
17.067589042571136
915.5615
0.7000000000000001
17.778738586011595
936.0315
0.7000000000000001
18.48988812945206
944.3725
0.7000000000000001
19.201037672892525
951.4115
0.7000000000000001
19.91218721633299
956.9665
0.7000000000000001
20.623336759773455
960.8915
0.7000000000000001
21.334486303213914
965.8795
0.75
0.
836.429
0.75
0.7111495434404639
838.7735
0.75
1.4222990868809278
831.786
0.75
2.133448630321392
856.4445
0.75
2.8445981737618555
842.599
0.75
3.555747717202319
848.1935
0.75
4.266897260642784
846.92
0.75
4.978046804083247
847.769
0.75
5.689196347523711
850.265
0.75
6.400345890964174
837.648
0.75
7.111495434404638
846.6175
0.75
7.822644977845103
818.332
0.75
8.533794521285568
817.168
0.75
9.24494406472603
818.4285
0.75
9.956093608166494
802.039
0.75
10.667243151606957
807.777
0.75
11.378392695047422
799.5175
0.75
12.089542238487887
808.0975
0.75
12.800691781928348
754.254
0.75
13.511841325368813
761.465
0.75
14.222990868809276
825.9815
0.75
14.934140412249741
889.56
0.75
15.645289955690206
913.551
0.75
16.35643949913067
942.152
0.75
17.067589042571136
949.001
0.75
17.778738586011595
954.431
0.75
18.48988812945206
961.4165
0.75
19.201037672892525
964.3
0.75
19.91218721633299
968.539
0.75
20.623336759773455
971.566
0.75
21.334486303213914
973.162
0.8
0.
819.831
0.8
0.7111495434404639
824.359
0.8
1.4222990868809278
844.1065
0.8
2.133448630321392
827.614
0.8
2.8445981737618555
786.021
0.8
3.555747717202319
813.789
0.8
4.266897260642784
830.1225
0.8
4.978046804083247
836.7595
0.8
5.689196347523711
827.2715
0.8
6.400345890964174
820.119
0.8
7.111495434404638
794.672
0.8
7.822644977845103
817.051
0.8
8.533794521285568
768.9965
0.8
9.24494406472603
789.524
0.8
9.956093608166494
770.3215
0.8
10.667243151606957
717.9395
0.8
11.378392695047422
752.3915
0.8
12.089542238487887
608.1175
0.8
12.800691781928348
787.793
0.8
13.511841325368813
765.937
0.8
14.222990868809276
893.745
0.8
14.934140412249741
925.781
0.8
15.645289955690206
932.9915
0.8
16.35643949913067
947.2955
0.8
17.067589042571136
953.5255
0.8
17.778738586011595
957.5645
0.8
18.48988812945206
963.0615
0.8
19.201037672892525
964.304
0.8
19.91218721633299
968.058
0.8
20.623336759773455
969.887
0.8
21.334486303213914
969.3055
0.8500000000000001
0.
776.801
0.8500000000000001
0.7111495434404639
767.211
0.8500000000000001
1.4222990868809278
723.349
0.8500000000000001
2.133448630321392
742.376
0.8500000000000001
2.8445981737618555
730.2585
0.8500000000000001
3.555747717202319
763.0625
0.8500000000000001
4.266897260642784
753.7675
0.8500000000000001
4.978046804083247
766.051
0.8500000000000001
5.689196347523711
731.6155
0.8500000000000001
6.400345890964174
780.9495
0.8500000000000001
7.111495434404638
651.071
0.8500000000000001
7.822644977845103
654.283
0.8500000000000001
8.533794521285568
728.106
0.8500000000000001
9.24494406472603
585.924
0.8500000000000001
9.956093608166494
680.457
0.8500000000000001
10.667243151606957
657.9165
0.8500000000000001
11.378392695047422
321.276
0.8500000000000001
12.089542238487887
479.771
0.8500000000000001
12.800691781928348
539.185
0.8500000000000001
13.511841325368813
868.505
0.8500000000000001
14.222990868809276
889.283
0.8500000000000001
14.934140412249741
912.1645
0.8500000000000001
15.645289955690206
920.678
0.8500000000000001
16.35643949913067
932.5135
0.8500000000000001
17.067589042571136
940.4085
0.8500000000000001
17.778738586011595
942.659
0.8500000000000001
18.48988812945206
948.1385
0.8500000000000001
19.201037672892525
955.763
0.8500000000000001
19.91218721633299
958.4705
0.8500000000000001
20.623336759773455
957.2875
0.8500000000000001
21.334486303213914
958.5035
0.9
0.
505.143
0.9
0.7111495434404639
542.3735
0.9
1.4222990868809278
235.8015
0.9
2.133448630321392
261.771
0.9
2.8445981737618555
186.1885
0.9
3.555747717202319
618.4445
0.9
4.266897260642784
249.9105
0.9
4.978046804083247
536.2405
0.9
5.689196347523711
69.7145
0.9
6.400345890964174
123.1805
0.9
7.111495434404638
149.4875
0.9
7.822644977845103
346.4705
0.9
8.533794521285568
125.102
0.9
9.24494406472603
216.203
0.9
9.956093608166494
46.5945
0.9
10.667243151606957
48.2565
0.9
11.378392695047422
44.432
0.9
12.089542238487887
43.4615
0.9
12.800691781928348
174.7575
0.9
13.511841325368813
732.9015
0.9
14.222990868809276
789.373
0.9
14.934140412249741
808.073
0.9
15.645289955690206
844.5
0.9
16.35643949913067
916.4955
0.9
17.067589042571136
916.2685
0.9
17.778738586011595
924.9585
0.9
18.48988812945206
932.442
0.9
19.201037672892525
929.4395
0.9
19.91218721633299
934.9435
0.9
20.623336759773455
942.6185
0.9
21.334486303213914
946.138
0.9500000000000001
0.
32.9385
0.9500000000000001
0.7111495434404639
32.723
0.9500000000000001
1.4222990868809278
32.0515
0.9500000000000001
2.133448630321392
33.043
0.9500000000000001
2.8445981737618555
33.4085
0.9500000000000001
3.555747717202319
32.6655
0.9500000000000001
4.266897260642784
33.3885
0.9500000000000001
4.978046804083247
32.594
0.9500000000000001
5.689196347523711
33.1135
0.9500000000000001
6.400345890964174
33.247
0.9500000000000001
7.111495434404638
33.2035
0.9500000000000001
7.822644977845103
33.3475
0.9500000000000001
8.533794521285568
33.2585
0.9500000000000001
9.24494406472603
32.4725
0.9500000000000001
9.956093608166494
32.6715
0.9500000000000001
10.667243151606957
32.383
0.9500000000000001
11.378392695047422
32.4455
0.9500000000000001
12.089542238487887
34.129
0.9500000000000001
12.800691781928348
32.1455
0.9500000000000001
13.511841325368813
348.196
0.9500000000000001
14.222990868809276
473.644
0.9500000000000001
14.934140412249741
632.783
0.9500000000000001
15.645289955690206
761.3075
0.9500000000000001
16.35643949913067
718.0585
0.9500000000000001
17.067589042571136
861.4995
0.9500000000000001
17.778738586011595
874.338
0.9500000000000001
18.48988812945206
904.664
0.9500000000000001
19.201037672892525
894.336
0.9500000000000001
19.91218721633299
907.7225
0.9500000000000001
20.623336759773455
909.5045
0.9500000000000001
21.334486303213914
917.6385
1.
0.
24.4715
1.
0.7111495434404639
24.894
1.
1.4222990868809278
25.3625
1.
2.133448630321392
24.761
1.
2.8445981737618555
25.004
1.
3.555747717202319
25.385
1.
4.266897260642784
25.16
1.
4.978046804083247
24.5065
1.
5.689196347523711
24.8205
1.
6.400345890964174
25.277
1.
7.111495434404638
24.269
1.
7.822644977845103
24.478
1.
8.533794521285568
24.987
1.
9.24494406472603
24.6915
1.
9.956093608166494
24.8215
1.
10.667243151606957
26.312
1.
11.378392695047422
25.894
1.
12.089542238487887
25.6215
1.
12.800691781928348
25.3935
1.
13.511841325368813
34.7805
1.
14.222990868809276
183.6345
1.
14.934140412249741
185.942
1.
15.645289955690206
300.0835
1.
16.35643949913067
538.2445
1.
17.067589042571136
619.98
1.
17.778738586011595
697.159
1.
18.48988812945206
784.3735
1.
19.201037672892525
803.688
1.
19.91218721633299
834.0465
1.
20.623336759773455
857.9925
1.
21.334486303213914
855.731
1.05
0.
20.255
1.05
0.7111495434404639
20.3355
1.05
1.4222990868809278
19.8885
1.05
2.133448630321392
19.497
1.05
2.8445981737618555
20.061
1.05
3.555747717202319
20.1445
1.05
4.266897260642784
20.066
1.05
4.978046804083247
19.852
1.05
5.689196347523711
20.2205
1.05
6.400345890964174
20.207
1.05
7.111495434404638
20.2125
1.05
7.822644977845103
20.651
1.05
8.533794521285568
20.165
1.05
9.24494406472603
20.2
1.05
9.956093608166494
19.8315
1.05
10.667243151606957
20.725
1.05
11.378392695047422
20.72
1.05
12.089542238487887
20.849
1.05
12.800691781928348
20.279
1.05
13.511841325368813
20.9625
1.05
14.222990868809276
61.4615
1.05
14.934140412249741
104.987
1.05
15.645289955690206
127.2065
1.05
16.35643949913067
190.3865
1.05
17.067589042571136
233.212
1.05
17.778738586011595
261.2895
1.05
18.48988812945206
297.4265
1.05
19.201037672892525
365.08
1.05
19.91218721633299
438.3815
1.05
20.623336759773455
585.909
1.05
21.334486303213914
609.7005
1.1
0.
17.1985
1.1
0.7111495434404639
17.273
1.1
1.4222990868809278
17.5575
1.1
2.133448630321392
17.405
1.1
2.8445981737618555
17.
1.1
3.555747717202319
17.087
1.1
4.266897260642784
17.188
1.1
4.978046804083247
17.0685
1.1
5.689196347523711
17.031
1.1
6.400345890964174
17.355
1.1
7.111495434404638
17.0995
1.1
7.822644977845103
17.079
1.1
8.533794521285568
17.4835
1.1
9.24494406472603
17.303
1.1
9.956093608166494
17.495
1.1
10.667243151606957
17.6575
1.1
11.378392695047422
17.768
1.1
12.089542238487887
17.8335
1.1
12.800691781928348
17.744
1.1
13.511841325368813
18.3135
1.1
14.222990868809276
18.616
1.1
14.934140412249741
64.4195
1.1
15.645289955690206
87.458
1.1
16.35643949913067
107.505
1.1
17.067589042571136
112.6795
1.1
17.778738586011595
137.361
1.1
18.48988812945206
166.505
1.1
19.201037672892525
179.176
1.1
19.91218721633299
193.913
1.1
20.623336759773455
207.7135
1.1
21.334486303213914
280.5905
1.1500000000000001
0.
15.476
1.1500000000000001
0.7111495434404639
15.4395
1.1500000000000001
1.4222990868809278
15.463
1.1500000000000001
2.133448630321392
15.561
1.1500000000000001
2.8445981737618555
15.448
1.1500000000000001
3.555747717202319
15.4255
1.1500000000000001
4.266897260642784
15.5785
1.1500000000000001
4.978046804083247
15.4015
1.1500000000000001
5.689196347523711
15.402
1.1500000000000001
6.400345890964174
15.292
1.1500000000000001
7.111495434404638
15.501
1.1500000000000001
7.822644977845103
15.2885
1.1500000000000001
8.533794521285568
15.4835
1.1500000000000001
9.24494406472603
15.738
1.1500000000000001
9.956093608166494
15.5595
1.1500000000000001
10.667243151606957
15.7335
1.1500000000000001
11.378392695047422
16.0245
1.1500000000000001
12.089542238487887
16.1085
1.1500000000000001
12.800691781928348
15.8535
1.1500000000000001
13.511841325368813
16.3125
1.1500000000000001
14.222990868809276
16.3965
1.1500000000000001
14.934140412249741
57.12
1.1500000000000001
15.645289955690206
63.0445
1.1500000000000001
16.35643949913067
85.3245
1.1500000000000001
17.067589042571136
88.7275
1.1500000000000001
17.778738586011595
99.095
1.1500000000000001
18.48988812945206
123.9575
1.1500000000000001
19.201037672892525
125.012
1.1500000000000001
19.91218721633299
143.325
1.1500000000000001
20.623336759773455
163.2285
1.1500000000000001
21.334486303213914
195.631
1.2000000000000002
0.
14.5475
1.2000000000000002
0.7111495434404639
14.4935
1.2000000000000002
1.4222990868809278
14.375
1.2000000000000002
2.133448630321392
14.343
1.2000000000000002
2.8445981737618555
14.6075
1.2000000000000002
3.555747717202319
14.334
1.2000000000000002
4.266897260642784
14.36
1.2000000000000002
4.978046804083247
14.2955
1.2000000000000002
5.689196347523711
14.333
1.2000000000000002
6.400345890964174
14.2415
1.2000000000000002
7.111495434404638
14.3975
1.2000000000000002
7.822644977845103
14.154
1.2000000000000002
8.533794521285568
14.642
1.2000000000000002
9.24494406472603
14.454
1.2000000000000002
9.956093608166494
14.54
1.2000000000000002
10.667243151606957
14.7445
1.2000000000000002
11.378392695047422
14.7885
1.2000000000000002
12.089542238487887
14.849
1.2000000000000002
12.800691781928348
15.1535
1.2000000000000002
13.511841325368813
15.085
1.2000000000000002
14.222990868809276
16.3605
1.2000000000000002
14.934140412249741
40.997
1.2000000000000002
15.645289955690206
60.9705
1.2000000000000002
16.35643949913067
68.505
1.2000000000000002
17.067589042571136
80.912
1.2000000000000002
17.778738586011595
93.068
1.2000000000000002
18.48988812945206
107.5285
1.2000000000000002
19.201037672892525
119.4585
1.2000000000000002
19.91218721633299
120.391
1.2000000000000002
20.623336759773455
139.465
1.2000000000000002
21.334486303213914
150.666
1.25
0.
13.686
1.25
0.7111495434404639
13.58
1.25
1.4222990868809278
13.6845
1.25
2.133448630321392
13.5685
1.25
2.8445981737618555
13.4985
1.25
3.555747717202319
13.6325
1.25
4.266897260642784
13.406
1.25
4.978046804083247
13.6
1.25
5.689196347523711
13.6595
1.25
6.400345890964174
13.849
1.25
7.111495434404638
13.891
1.25
7.822644977845103
13.7865
1.25
8.533794521285568
13.802
1.25
9.24494406472603
13.6255
1.25
9.956093608166494
14.1985
1.25
10.667243151606957
14.0195
1.25
11.378392695047422
14.1745
1.25
12.089542238487887
13.9495
1.25
12.800691781928348
14.279
1.25
13.511841325368813
14.564
1.25
14.222990868809276
14.6415
1.25
14.934140412249741
42.54
1.25
15.645289955690206
55.627
1.25
16.35643949913067
64.0025
1.25
17.067589042571136
76.0215
1.25
17.778738586011595
82.9015
1.25
18.48988812945206
102.418
1.25
19.201037672892525
107.4315
1.25
19.91218721633299
116.57
1.25
20.623336759773455
120.8905
1.25
21.334486303213914
135.1975
1.3
0.
13.206
1.3
0.7111495434404639
13.0955
1.3
1.4222990868809278
13.1905
1.3
2.133448630321392
13.234
1.3
2.8445981737618555
13.179
1.3
3.555747717202319
13.298
1.3
4.266897260642784
13.4385
1.3
4.978046804083247
13.253
1.3
5.689196347523711
13.233
1.3
6.400345890964174
13.149
1.3
7.111495434404638
13.341
1.3
7.822644977845103
13.2415
1.3
8.533794521285568
13.546
1.3
9.24494406472603
13.5575
1.3
9.956093608166494
13.4385
1.3
10.667243151606957
13.6295
1.3
11.378392695047422
13.566
1.3
12.089542238487887
13.7665
1.3
12.800691781928348
13.801
1.3
13.511841325368813
13.715
1.3
14.222990868809276
20.166
1.3
14.934140412249741
42.909
1.3
15.645289955690206
53.543
1.3
16.35643949913067
63.6075
1.3
17.067589042571136
70.107
1.3
17.778738586011595
85.6315
1.3
18.48988812945206
88.462
1.3
19.201037672892525
105.216
1.3
19.91218721633299
107.7795
1.3
20.623336759773455
118.908
1.3
21.334486303213914
131.062
1.35
0.
13.0685
1.35
0.7111495434404639
12.9015
1.35
1.4222990868809278
12.84
1.35
2.133448630321392
12.8465
1.35
2.8445981737618555
12.93
1.35
3.555747717202319
12.814
1.35
4.266897260642784
12.989
1.35
4.978046804083247
12.977
1.35
5.689196347523711
13.3585
1.35
6.400345890964174
12.7875
1.35
7.111495434404638
13.1195
1.35
7.822644977845103
12.948
1.35
8.533794521285568
13.151
1.35
9.24494406472603
13.0545
1.35
9.956093608166494
13.285
1.35
10.667243151606957
13.157
1.35
11.378392695047422
13.2075
1.35
12.089542238487887
13.375
1.35
12.800691781928348
13.66
1.35
13.511841325368813
13.65
1.35
14.222990868809276
13.934
1.35
14.934140412249741
41.3315
1.35
15.645289955690206
49.6985
1.35
16.35643949913067
59.5955
1.35
17.067589042571136
71.214
1.35
17.778738586011595
77.4135
1.35
18.48988812945206
92.7535
1.35
19.201037672892525
98.1385
1.35
19.91218721633299
104.8735
1.35
20.623336759773455
120.668
1.35
21.334486303213914
117.038
1.4000000000000001
0.
12.605
1.4000000000000001
0.7111495434404639
12.524
1.4000000000000001
1.4222990868809278
12.8075
1.4000000000000001
2.133448630321392
12.6265
1.4000000000000001
2.8445981737618555
12.6745
1.4000000000000001
3.555747717202319
12.8645
1.4000000000000001
4.266897260642784
12.591
1.4000000000000001
4.978046804083247
13.1435
1.4000000000000001
5.689196347523711
12.7395
1.4000000000000001
6.400345890964174
12.837
1.4000000000000001
7.111495434404638
12.851
1.4000000000000001
7.822644977845103
12.829
1.4000000000000001
8.533794521285568
12.9165
1.4000000000000001
9.24494406472603
12.863
1.4000000000000001
9.956093608166494
13.0375
1.4000000000000001
10.667243151606957
12.95
1.4000000000000001
11.378392695047422
13.3455
1.4000000000000001
12.089542238487887
13.232
1.4000000000000001
12.800691781928348
13.137
1.4000000000000001
13.511841325368813
13.264
1.4000000000000001
14.222990868809276
16.107
1.4000000000000001
14.934140412249741
38.223
1.4000000000000001
15.645289955690206
51.3775
1.4000000000000001
16.35643949913067
59.3705
1.4000000000000001
17.067589042571136
66.572
1.4000000000000001
17.778738586011595
76.3345
1.4000000000000001
18.48988812945206
93.912
1.4000000000000001
19.201037672892525
97.518
1.4000000000000001
19.91218721633299
103.462
1.4000000000000001
20.623336759773455
112.1495
1.4000000000000001
21.334486303213914
118.4445
1.4500000000000002
0.
12.6025
1.4500000000000002
0.7111495434404639
12.6675
1.4500000000000002
1.4222990868809278
12.4795
1.4500000000000002
2.133448630321392
12.475
1.4500000000000002
2.8445981737618555
12.558
1.4500000000000002
3.555747717202319
12.6135
1.4500000000000002
4.266897260642784
12.525
1.4500000000000002
4.978046804083247
12.798
1.4500000000000002
5.689196347523711
12.659
1.4500000000000002
6.400345890964174
12.649
1.4500000000000002
7.111495434404638
12.7385
1.4500000000000002
7.822644977845103
12.831
1.4500000000000002
8.533794521285568
12.7815
1.4500000000000002
9.24494406472603
12.565
1.4500000000000002
9.956093608166494
12.7025
1.4500000000000002
10.667243151606957
13.0885
1.4500000000000002
11.378392695047422
12.7355
1.4500000000000002
12.089542238487887
13.109
1.4500000000000002
12.800691781928348
13.246
1.4500000000000002
13.511841325368813
13.191
1.4500000000000002
14.222990868809276
13.4365
1.4500000000000002
14.934140412249741
41.4295
1.4500000000000002
15.645289955690206
50.2015
1.4500000000000002
16.35643949913067
59.474
1.4500000000000002
17.067589042571136
72.4415
1.4500000000000002
17.778738586011595
75.297
1.4500000000000002
18.48988812945206
85.752
1.4500000000000002
19.201037672892525
97.122
1.4500000000000002
19.91218721633299
105.4005
1.4500000000000002
20.623336759773455
113.2485
1.4500000000000002
21.334486303213914
125.9055
1.5
0.
12.596
1.5
0.7111495434404639
12.4765
1.5
1.4222990868809278
12.5965
1.5
2.133448630321392
12.3775
1.5
2.8445981737618555
12.5275
1.5
3.555747717202319
12.3585
1.5
4.266897260642784
12.4635
1.5
4.978046804083247
12.361
1.5
5.689196347523711
12.6675
1.5
6.400345890964174
12.7065
1.5
7.111495434404638
12.705
1.5
7.822644977845103
12.5275
1.5
8.533794521285568
12.47
1.5
9.24494406472603
12.5295
1.5
9.956093608166494
12.831
1.5
10.667243151606957
12.9785
1.5
11.378392695047422
12.99
1.5
12.089542238487887
13.178
1.5
12.800691781928348
12.9985
1.5
13.511841325368813
13.2925
1.5
14.222990868809276
14.7155
1.5
14.934140412249741
37.735
1.5
15.645289955690206
50.778
1.5
16.35643949913067
61.3195
1.5
17.067589042571136
69.284
1.5
17.778738586011595
78.341
1.5
18.48988812945206
88.1525
1.5
19.201037672892525
103.5365
1.5
19.91218721633299
111.975
1.5
20.623336759773455
118.075
1.5
21.334486303213914
114.836