2.4847761856203467
5.3474630241722
13.173462359585713
9.262568524050096
4.831071778167177
1.650688697299588
1.1057438805252062
3.568178833861666
4.371247907909798
8.721596963263904
9.926319572681493
5.22708522310266
5.495258751345003
3.495886145605606
3.1232205197063476
2.2803726886245035
0.8661965015817973
1.8624080483845313
3.556895731707596
5.821039569784889
6.443504697757314
4.421061310475228
3.197709302781489
0.8656211601740081
1.7965293526594035
0.5532726014372364
1.0947907495420945
1.5222538775853667
2.9029335194268984
5.056606154395933
7.609679299565435
4.524021442406043
3.5233379105121743
1.503426045039304
1.44341806174829
0.06207540838610626
1.4678957250784235
2.3223471641358646
4.046954491893082
6.779380378511586
7.98763230050701
5.440856591026185
3.7525325702187557
2.884269267267491
2.4264767794858666
0.8237532135328357
1.4325478099229474
2.7252412777382933
4.087091263933972
6.939309126515853
12.854357010276516
13.958382152594046
11.841685792329343
6.508492485920862
3.553490538217629
2.0689779736281517
1.0236233461571158
2.622807669418024
5.253867369788908
6.653551355346457
20.593374023270616
17.69279408457963
12.197745184050756
8.03184653023114
4.648063540171772
2.1733877203484804
1.548506869218029
3.187950604306031
4.447648685730302
5.06474590907812
14.013927212868683
10.218327333691215
11.138610594296425
8.471422433554293
3.27235380301753
1.9212967893598165
1.120055276222027
2.8106140166734317
4.937531274632038
5.084199604630228
17.74245846675478
11.654451097698992
7.902066356440209
6.281131898220498
1.3241567576372044
0.9692140939335213
3.052380743273608
6.322969634025275
9.521467019716635
13.198327071900911
13.080395804278783
9.191229060701357
6.576307678780974
1.7329862229249124
1.1963475729239872
2.5633682189267124
6.706403103879676
7.961774735298781