0.19985360000000002
2.4997259
0.2123026
4.9844709
0.19985360000000002
4.9994518
0.21993093333333336
10.346877133333333
0.19985360000000002
7.499177700000001
0.19902193333333335
20.672640033333334
0.19985360000000002
9.9989036
0.2058238
19.261470199999998
0.19985360000000002
12.4986295
0.23665580000000003
17.329561099999996
0.19985360000000002
14.998355400000001
0.3434526384615384
16.642786149999992
0.19985360000000002
17.4980813
0.47994774018691594
16.42840059906542
0.19985360000000002
19.9978072
0.322525975
16.4317377
0.19985360000000002
22.497533100000002
0.31707636190476185
18.12785724285714
0.19985360000000002
24.997259
0.20212815555555558
16.27566233333333
0.39970720000000004
2.4997259
0.3995494857142857
12.426045471428571
0.39970720000000004
4.9994518
0.3930067714285715
10.226532728571428
0.39970720000000004
7.499177700000001
0.40547708888888895
12.99443342222222
0.39970720000000004
9.9989036
0.4715887312500001
13.4940506625
0.39970720000000004
12.4986295
0.45381491232876736
15.621381294520553
0.39970720000000004
14.998355400000001
0.514537606060606
17.27583505454546
0.39970720000000004
17.4980813
0.5748164261904762
16.649769365476196
0.39970720000000004
19.9978072
0.4853137340909089
18.137367665909085
0.39970720000000004
22.497533100000002
0.5080671423076926
18.942288330769227
0.39970720000000004
24.997259
0.3932006000000001
19.176223066666665
0.5995608000000001
2.4997259
0.5975519538461539
8.943230284615385
0.5995608000000001
4.9994518
0.5984199020408165
9.420512963265306
0.5995608000000001
7.499177700000001
0.6517110500000003
10.696461725000002
0.5995608000000001
9.9989036
0.6118225281553399
10.864437910679618
0.5995608000000001
12.4986295
0.6178962248366014
14.295065284313727
0.5995608000000001
14.998355400000001
0.6556834222222225
15.54877417037037
0.5995608000000001
17.4980813
0.6593526714859439
16.40492453293173
0.5995608000000001
19.9978072
0.6496070673796793
18.476376216042777
0.5995608000000001
22.497533100000002
0.6327939789473688
19.59478981578948
0.5995608000000001
24.997259
0.6108982722222221
19.940665555555565
0.7994144000000001
2.4997259
0.8005742136645964
10.109405111180124
0.7994144000000001
4.9994518
0.8012761627118647
9.523472859322034
0.7994144000000001
7.499177700000001
0.8014811470355733
11.022515004347824
0.7994144000000001
9.9989036
0.8061636594142259
11.50231449539749
0.7994144000000001
12.4986295
0.8037581720588237
13.942041025735294
0.7994144000000001
14.998355400000001
0.80257704640884
15.060350190055251
0.7994144000000001
17.4980813
0.8031150380510442
16.03019023967518
0.7994144000000001
19.9978072
0.8116590317280455
17.67549231614731
0.7994144000000001
22.497533100000002
0.7991442561643837
18.45057861712329
0.7994144000000001
24.997259
0.8009492714285712
18.217878795238093
0.999268
2.4997259
0.9865505294117646
10.487348076470589
0.999268
4.9994518
1.01661526984127
10.44028073650794
0.999268
7.499177700000001
0.9815619999999996
11.25166849787234
0.999268
9.9989036
1.016451117647059
12.883121682352941
0.999268
12.4986295
1.0056188198198206
14.925097968468469
0.999268
14.998355400000001
0.9862652857142856
15.822005985034018
0.999268
17.4980813
0.9816330852272728
16.065642038636366
0.999268
19.9978072
0.9934269757575758
17.272572181818184
0.999268
22.497533100000002
0.9972694157303365
18.410442324719092
0.999268
24.997259
0.9505731818181821
18.058120727272726
1.1991216000000002
2.4997259
1.1986076
15.3540829
1.1991216000000002
4.9994518
1.1208446000000005
18.957614466666662
1.1991216000000002
7.499177700000001
1.2001228500000003
19.34086345
1.1991216000000002
9.9989036
1.2024692250000002
16.507395225000003
1.1991216000000002
12.4986295
1.2043378580645165
16.052116209677415
1.1991216000000002
14.998355400000001
1.186991909352518
17.067297817266187
1.1991216000000002
17.4980813
1.170346124137931
16.474862493103448
1.1991216000000002
19.9978072
1.1833942060606062
17.375046684848478
1.1991216000000002
22.497533100000002
1.0911561384615385
17.244775176923078
1.1991216000000002
24.997259
1.2228904000000005
18.343750099999998
1.3989752000000002
2.4997259
1.3979962000000001
23.093099900000002
1.3989752000000002
4.9994518
1.3972452000000002
22.6922458
1.3989752000000002
7.499177700000001
1.4550892000000002
19.696793811111114
1.3989752000000002
9.9989036
1.3563510571428574
18.030637028571427
1.3989752000000002
12.4986295
1.4717364083333335
17.1461235
1.3989752000000002
14.998355400000001
1.2852536671532848
17.16876586715329
1.3989752000000002
17.4980813
1.3051375309352522
15.952420271223017
1.3989752000000002
19.9978072
1.3654449111111107
16.810032933333332
1.3989752000000002
22.497533100000002
1.429286033333333
18.049987700000006
1.3989752000000002
24.997259
1.3047255333333336
19.933390111111112
1.5988288000000002
2.4997259
1.8781131333333339
16.5108699
1.5988288000000002
4.9994518
1.5919228
15.2177768
1.5988288000000002
7.499177700000001
1.592869228571429
18.6377867
1.5988288000000002
9.9989036
1.3922920222222221
18.467807933333333
1.5988288000000002
12.4986295
1.4352536620689662
15.766892431034487
1.5988288000000002
14.998355400000001
1.4981591488372097
16.917012996899224
1.5988288000000002
17.4980813
1.5024584916666663
16.382179608333328
1.5988288000000002
19.9978072
1.4544264557377056
17.190905150819674
1.5988288000000002
22.497533100000002
1.6420564956521742
17.56019105652174
1.5988288000000002
24.997259
1.4805801
19.9144347
1.7986824000000001
4.9994518
1.1249394000000001
22.729113466666664
1.7986824000000001
7.499177700000001
1.8056749
19.1536267
1.7986824000000001
9.9989036
1.7672899555555557
17.900907600000004
1.7986824000000001
12.4986295
1.8132067684210527
18.779744605263158
1.7986824000000001
14.998355400000001
1.5751152804347828
16.3035024652174
1.7986824000000001
17.4980813
1.5713334266666663
16.555909126666666
1.7986824000000001
19.9978072
1.5918207513513518
16.952444091891888
1.7986824000000001
22.497533100000002
1.539114066666667
16.179893566666664
1.7986824000000001
24.997259
1.7992951500000003
15.475791999999998
1.998536
4.9994518
2.0049775000000003
18.1977773
1.998536
7.499177700000001
1.993949
20.5795727
1.998536
9.9989036
1.9995923333333332
19.190132600000002
1.998536
12.4986295
1.8798057999999997
19.073865299999994
1.998536
14.998355400000001
1.690062788235294
16.703666376470604
1.998536
17.4980813
1.795221432098766
16.31913655925926
1.998536
19.9978072
1.7386195111111107
17.44765033333333
1.998536
22.497533100000002
1.9997163888888887
15.7911301
1.998536
24.997259
2.0000038
17.0354844