0.05
0.
828.9795
0.05
0.7111495434404639
820.4965
0.05
1.4222990868809278
812.8175
0.05
2.133448630321392
821.4675
0.05
2.8445981737618555
810.2715
0.05
3.555747717202319
816.431
0.05
4.266897260642784
823.2655
0.05
4.978046804083247
819.3745
0.05
5.689196347523711
814.253
0.05
6.400345890964174
802.069
0.05
7.111495434404638
792.7815
0.05
7.822644977845103
748.6885
0.05
8.533794521285568
784.6875
0.05
9.24494406472603
773.2705
0.05
9.956093608166494
772.33
0.05
10.667243151606957
750.721
0.05
11.378392695047422
591.1285
0.05
12.089542238487887
372.689
0.05
12.800691781928348
642.7945
0.05
13.511841325368813
253.6265
0.05
14.222990868809276
560.541
0.05
14.934140412249741
212.0345
0.05
15.645289955690206
310.7215
0.05
16.35643949913067
382.516
0.05
17.067589042571136
429.025
0.05
17.778738586011595
463.83
0.05
18.48988812945206
498.9805
0.05
19.201037672892525
529.0545
0.05
19.91218721633299
552.2745
0.05
20.623336759773455
568.223
0.05
21.334486303213914
600.2965
0.1
0.
710.018
0.1
0.7111495434404639
724.1125
0.1
1.4222990868809278
770.676
0.1
2.133448630321392
766.709
0.1
2.8445981737618555
759.7885
0.1
3.555747717202319
774.893
0.1
4.266897260642784
749.6295
0.1
4.978046804083247
736.5585
0.1
5.689196347523711
696.3675
0.1
6.400345890964174
687.8325
0.1
7.111495434404638
752.268
0.1
7.822644977845103
735.9035
0.1
8.533794521285568
730.57
0.1
9.24494406472603
722.7245
0.1
9.956093608166494
663.1055
0.1
10.667243151606957
590.0425
0.1
11.378392695047422
598.545
0.1
12.089542238487887
629.136
0.1
12.800691781928348
624.179
0.1
13.511841325368813
582.9625
0.1
14.222990868809276
367.5655
0.1
14.934140412249741
239.4825
0.1
15.645289955690206
325.219
0.1
16.35643949913067
394.2955
0.1
17.067589042571136
435.4335
0.1
17.778738586011595
462.524
0.1
18.48988812945206
493.3935
0.1
19.201037672892525
531.2695
0.1
19.91218721633299
558.1055
0.1
20.623336759773455
569.935
0.1
21.334486303213914
582.342
0.15000000000000002
0.
718.2585
0.15000000000000002
0.7111495434404639
712.011
0.15000000000000002
1.4222990868809278
668.2405
0.15000000000000002
2.133448630321392
686.2605
0.15000000000000002
2.8445981737618555
768.4055
0.15000000000000002
3.555747717202319
678.058
0.15000000000000002
4.266897260642784
700.0425
0.15000000000000002
4.978046804083247
738.983
0.15000000000000002
5.689196347523711
689.8935
0.15000000000000002
6.400345890964174
649.3005
0.15000000000000002
7.111495434404638
687.823
0.15000000000000002
7.822644977845103
637.2845
0.15000000000000002
8.533794521285568
714.5725
0.15000000000000002
9.24494406472603
636.712
0.15000000000000002
9.956093608166494
686.6645
0.15000000000000002
10.667243151606957
644.3715
0.15000000000000002
11.378392695047422
657.7895
0.15000000000000002
12.089542238487887
597.5655
0.15000000000000002
12.800691781928348
555.621
0.15000000000000002
13.511841325368813
605.729
0.15000000000000002
14.222990868809276
537.508
0.15000000000000002
14.934140412249741
258.5845
0.15000000000000002
15.645289955690206
329.019
0.15000000000000002
16.35643949913067
375.072
0.15000000000000002
17.067589042571136
406.8215
0.15000000000000002
17.778738586011595
460.2625
0.15000000000000002
18.48988812945206
472.354
0.15000000000000002
19.201037672892525
522.115
0.15000000000000002
19.91218721633299
571.457
0.15000000000000002
20.623336759773455
583.1095
0.15000000000000002
21.334486303213914
583.334
0.2
0.
731.913
0.2
0.7111495434404639
707.474
0.2
1.4222990868809278
711.2095
0.2
2.133448630321392
729.0855
0.2
2.8445981737618555
721.3815
0.2
3.555747717202319
743.134
0.2
4.266897260642784
718.619
0.2
4.978046804083247
720.3575
0.2
5.689196347523711
723.7225
0.2
6.400345890964174
736.9535
0.2
7.111495434404638
694.021
0.2
7.822644977845103
664.8835
0.2
8.533794521285568
708.8715
0.2
9.24494406472603
693.3595
0.2
9.956093608166494
661.734
0.2
10.667243151606957
663.458
0.2
11.378392695047422
731.8015
0.2
12.089542238487887
649.981
0.2
12.800691781928348
609.994
0.2
13.511841325368813
562.337
0.2
14.222990868809276
458.9515
0.2
14.934140412249741
366.568
0.2
15.645289955690206
332.098
0.2
16.35643949913067
392.1715
0.2
17.067589042571136
429.998
0.2
17.778738586011595
481.5545
0.2
18.48988812945206
507.547
0.2
19.201037672892525
521.133
0.2
19.91218721633299
554.547
0.2
20.623336759773455
578.5515
0.2
21.334486303213914
601.724
0.25
0.
756.602
0.25
0.7111495434404639
716.0195
0.25
1.4222990868809278
746.218
0.25
2.133448630321392
695.5755
0.25
2.8445981737618555
738.641
0.25
3.555747717202319
751.2775
0.25
4.266897260642784
757.3205
0.25
4.978046804083247
720.462
0.25
5.689196347523711
707.004
0.25
6.400345890964174
709.0845
0.25
7.111495434404638
728.0145
0.25
7.822644977845103
734.271
0.25
8.533794521285568
698.642
0.25
9.24494406472603
702.303
0.25
9.956093608166494
678.7705
0.25
10.667243151606957
691.2095
0.25
11.378392695047422
669.123
0.25
12.089542238487887
729.9425
0.25
12.800691781928348
607.748
0.25
13.511841325368813
620.6575
0.25
14.222990868809276
542.3635
0.25
14.934140412249741
408.6725
0.25
15.645289955690206
363.884
0.25
16.35643949913067
400.6195
0.25
17.067589042571136
424.442
0.25
17.778738586011595
474.1415
0.25
18.48988812945206
473.0235
0.25
19.201037672892525
510.9815
0.25
19.91218721633299
570.7395
0.25
20.623336759773455
586.6215
0.25
21.334486303213914
582.4005
0.30000000000000004
0.
761.052
0.30000000000000004
0.7111495434404639
736.314
0.30000000000000004
1.4222990868809278
748.745
0.30000000000000004
2.133448630321392
733.948
0.30000000000000004
2.8445981737618555
753.5115
0.30000000000000004
3.555747717202319
741.7365
0.30000000000000004
4.266897260642784
759.684
0.30000000000000004
4.978046804083247
763.2215
0.30000000000000004
5.689196347523711
738.198
0.30000000000000004
6.400345890964174
717.9875
0.30000000000000004
7.111495434404638
746.5675
0.30000000000000004
7.822644977845103
714.5085
0.30000000000000004
8.533794521285568
710.125
0.30000000000000004
9.24494406472603
706.5335
0.30000000000000004
9.956093608166494
686.855
0.30000000000000004
10.667243151606957
710.903
0.30000000000000004
11.378392695047422
721.9035
0.30000000000000004
12.089542238487887
703.318
0.30000000000000004
12.800691781928348
642.4245
0.30000000000000004
13.511841325368813
636.355
0.30000000000000004
14.222990868809276
511.7085
0.30000000000000004
14.934140412249741
425.6475
0.30000000000000004
15.645289955690206
406.248
0.30000000000000004
16.35643949913067
380.9025
0.30000000000000004
17.067589042571136
438.4775
0.30000000000000004
17.778738586011595
470.713
0.30000000000000004
18.48988812945206
503.527
0.30000000000000004
19.201037672892525
544.7555
0.30000000000000004
19.91218721633299
572.496
0.30000000000000004
20.623336759773455
587.106
0.30000000000000004
21.334486303213914
578.7675
0.35000000000000003
0.
758.77
0.35000000000000003
0.7111495434404639
742.574
0.35000000000000003
1.4222990868809278
759.5775
0.35000000000000003
2.133448630321392
752.921
0.35000000000000003
2.8445981737618555
738.475
0.35000000000000003
3.555747717202319
766.3935
0.35000000000000003
4.266897260642784
745.7665
0.35000000000000003
4.978046804083247
755.581
0.35000000000000003
5.689196347523711
734.117
0.35000000000000003
6.400345890964174
755.0695
0.35000000000000003
7.111495434404638
743.9765
0.35000000000000003
7.822644977845103
748.7345
0.35000000000000003
8.533794521285568
708.863
0.35000000000000003
9.24494406472603
744.408
0.35000000000000003
9.956093608166494
729.849
0.35000000000000003
10.667243151606957
716.8235
0.35000000000000003
11.378392695047422
731.486
0.35000000000000003
12.089542238487887
735.802
0.35000000000000003
12.800691781928348
678.6455
0.35000000000000003
13.511841325368813
696.352
0.35000000000000003
14.222990868809276
508.2575
0.35000000000000003
14.934140412249741
391.6095
0.35000000000000003
15.645289955690206
447.6255
0.35000000000000003
16.35643949913067
417.316
0.35000000000000003
17.067589042571136
417.5085
0.35000000000000003
17.778738586011595
473.5885
0.35000000000000003
18.48988812945206
515.4365
0.35000000000000003
19.201037672892525
539.526
0.35000000000000003
19.91218721633299
575.062
0.35000000000000003
20.623336759773455
604.8815
0.35000000000000003
21.334486303213914
605.2905
0.4
0.
772.6895
0.4
0.7111495434404639
756.322
0.4
1.4222990868809278
765.129
0.4
2.133448630321392
742.222
0.4
2.8445981737618555
773.887
0.4
3.555747717202319
768.0305
0.4
4.266897260642784
758.4665
0.4
4.978046804083247
757.755
0.4
5.689196347523711
764.5555
0.4
6.400345890964174
759.2805
0.4
7.111495434404638
746.9025
0.4
7.822644977845103
744.313
0.4
8.533794521285568
743.6865
0.4
9.24494406472603
723.868
0.4
9.956093608166494
713.1685
0.4
10.667243151606957
743.2705
0.4
11.378392695047422
714.3445
0.4
12.089542238487887
711.088
0.4
12.800691781928348
690.887
0.4
13.511841325368813
658.264
0.4
14.222990868809276
500.614
0.4
14.934140412249741
510.123
0.4
15.645289955690206
490.165
0.4
16.35643949913067
453.968
0.4
17.067589042571136
474.1155
0.4
17.778738586011595
510.706
0.4
18.48988812945206
528.7795
0.4
19.201037672892525
587.79
0.4
19.91218721633299
594.4405
0.4
20.623336759773455
579.652
0.4
21.334486303213914
624.888
0.45
0.
770.582
0.45
0.7111495434404639
771.453
0.45
1.4222990868809278
786.9405
0.45
2.133448630321392
777.5445
0.45
2.8445981737618555
767.915
0.45
3.555747717202319
780.703
0.45
4.266897260642784
767.0605
0.45
4.978046804083247
786.561
0.45
5.689196347523711
775.993
0.45
6.400345890964174
766.5935
0.45
7.111495434404638
757.6885
0.45
7.822644977845103
737.968
0.45
8.533794521285568
744.4525
0.45
9.24494406472603
761.601
0.45
9.956093608166494
759.7435
0.45
10.667243151606957
741.142
0.45
11.378392695047422
742.208
0.45
12.089542238487887
712.9525
0.45
12.800691781928348
700.546
0.45
13.511841325368813
687.5185
0.45
14.222990868809276
551.8005
0.45
14.934140412249741
435.7885
0.45
15.645289955690206
419.7635
0.45
16.35643949913067
462.0605
0.45
17.067589042571136
526.5655
0.45
17.778738586011595
524.6435
0.45
18.48988812945206
548.9035
0.45
19.201037672892525
573.8775
0.45
19.91218721633299
611.1525
0.45
20.623336759773455
701.5355
0.45
21.334486303213914
643.667
0.5
0.
786.5275
0.5
0.7111495434404639
787.971
0.5
1.4222990868809278
775.093
0.5
2.133448630321392
803.6545
0.5
2.8445981737618555
781.461
0.5
3.555747717202319
774.6735
0.5
4.266897260642784
791.3145
0.5
4.978046804083247
776.3305
0.5
5.689196347523711
777.104
0.5
6.400345890964174
781.7195
0.5
7.111495434404638
771.0135
0.5
7.822644977845103
773.341
0.5
8.533794521285568
768.4315
0.5
9.24494406472603
761.022
0.5
9.956093608166494
770.1885
0.5
10.667243151606957
730.808
0.5
11.378392695047422
759.516
0.5
12.089542238487887
742.424
0.5
12.800691781928348
743.5745
0.5
13.511841325368813
682.019
0.5
14.222990868809276
624.7175
0.5
14.934140412249741
611.4435
0.5
15.645289955690206
547.5065
0.5
16.35643949913067
520.344
0.5
17.067589042571136
544.6905
0.5
17.778738586011595
607.1315
0.5
18.48988812945206
631.171
0.5
19.201037672892525
658.3415
0.5
19.91218721633299
712.505
0.5
20.623336759773455
723.0055
0.5
21.334486303213914
770.96
0.55
0.
809.9945
0.55
0.7111495434404639
782.1325
0.55
1.4222990868809278
787.987
0.55
2.133448630321392
804.281
0.55
2.8445981737618555
785.5695
0.55
3.555747717202319
787.3185
0.55
4.266897260642784
797.298
0.55
4.978046804083247
798.345
0.55
5.689196347523711
792.713
0.55
6.400345890964174
799.364
0.55
7.111495434404638
793.014
0.55
7.822644977845103
793.712
0.55
8.533794521285568
778.735
0.55
9.24494406472603
777.182
0.55
9.956093608166494
764.0375
0.55
10.667243151606957
774.7335
0.55
11.378392695047422
768.497
0.55
12.089542238487887
717.615
0.55
12.800691781928348
732.5495
0.55
13.511841325368813
699.788
0.55
14.222990868809276
536.6675
0.55
14.934140412249741
530.1555
0.55
15.645289955690206
618.5025
0.55
16.35643949913067
614.0755
0.55
17.067589042571136
552.176
0.55
17.778738586011595
710.0535
0.55
18.48988812945206
742.736
0.55
19.201037672892525
699.318
0.55
19.91218721633299
777.9655
0.55
20.623336759773455
820.446
0.55
21.334486303213914
876.2555
0.6000000000000001
0.
822.1295
0.6000000000000001
0.7111495434404639
796.4345
0.6000000000000001
1.4222990868809278
827.3805
0.6000000000000001
2.133448630321392
812.461
0.6000000000000001
2.8445981737618555
808.675
0.6000000000000001
3.555747717202319
814.0745
0.6000000000000001
4.266897260642784
828.5605
0.6000000000000001
4.978046804083247
815.8655
0.6000000000000001
5.689196347523711
819.8645
0.6000000000000001
6.400345890964174
819.1225
0.6000000000000001
7.111495434404638
811.7685
0.6000000000000001
7.822644977845103
809.3285
0.6000000000000001
8.533794521285568
809.495
0.6000000000000001
9.24494406472603
785.0335
0.6000000000000001
9.956093608166494
776.0865
0.6000000000000001
10.667243151606957
774.6425
0.6000000000000001
11.378392695047422
779.3515
0.6000000000000001
12.089542238487887
773.3575
0.6000000000000001
12.800691781928348
749.717
0.6000000000000001
13.511841325368813
695.3575
0.6000000000000001
14.222990868809276
672.0985
0.6000000000000001
14.934140412249741
670.196
0.6000000000000001
15.645289955690206
694.444
0.6000000000000001
16.35643949913067
677.178
0.6000000000000001
17.067589042571136
731.8335
0.6000000000000001
17.778738586011595
807.7325
0.6000000000000001
18.48988812945206
812.0925
0.6000000000000001
19.201037672892525
777.7025
0.6000000000000001
19.91218721633299
847.337
0.6000000000000001
20.623336759773455
879.467
0.6000000000000001
21.334486303213914
886.4005
0.65
0.
841.5455
0.65
0.7111495434404639
839.3115
0.65
1.4222990868809278
847.9515
0.65
2.133448630321392
840.376
0.65
2.8445981737618555
835.4255
0.65
3.555747717202319
842.0245
0.65
4.266897260642784
839.467
0.65
4.978046804083247
845.8945
0.65
5.689196347523711
827.33
0.65
6.400345890964174
840.3325
0.65
7.111495434404638
825.4945
0.65
7.822644977845103
816.8325
0.65
8.533794521285568
824.3585
0.65
9.24494406472603
821.3475
0.65
9.956093608166494
820.058
0.65
10.667243151606957
815.753
0.65
11.378392695047422
780.8475
0.65
12.089542238487887
804.428
0.65
12.800691781928348
775.0375
0.65
13.511841325368813
722.647
0.65
14.222990868809276
747.964
0.65
14.934140412249741
708.09
0.65
15.645289955690206
666.987
0.65
16.35643949913067
785.8935
0.65
17.067589042571136
862.608
0.65
17.778738586011595
897.116
0.65
18.48988812945206
879.462
0.65
19.201037672892525
910.6845
0.65
19.91218721633299
915.9865
0.65
20.623336759773455
922.8115
0.65
21.334486303213914
933.236
0.7000000000000001
0.
862.782
0.7000000000000001
0.7111495434404639
851.9605
0.7000000000000001
1.4222990868809278
838.8415
0.7000000000000001
2.133448630321392
858.559
0.7000000000000001
2.8445981737618555
849.626
0.7000000000000001
3.555747717202319
847.583
0.7000000000000001
4.266897260642784
851.3725
0.7000000000000001
4.978046804083247
847.87
0.7000000000000001
5.689196347523711
849.885
0.7000000000000001
6.400345890964174
853.7935
0.7000000000000001
7.111495434404638
851.766
0.7000000000000001
7.822644977845103
843.4915
0.7000000000000001
8.533794521285568
837.513
0.7000000000000001
9.24494406472603
843.73
0.7000000000000001
9.956093608166494
836.236
0.7000000000000001
10.667243151606957
811.919
0.7000000000000001
11.378392695047422
808.0885
0.7000000000000001
12.089542238487887
820.6475
0.7000000000000001
12.800691781928348
734.0015
0.7000000000000001
13.511841325368813
686.566
0.7000000000000001
14.222990868809276
766.179
0.7000000000000001
14.934140412249741
834.0575
0.7000000000000001
15.645289955690206
851.269
0.7000000000000001
16.35643949913067
912.1955
0.7000000000000001
17.067589042571136
912.4225
0.7000000000000001
17.778738586011595
936.9885
0.7000000000000001
18.48988812945206
945.0445
0.7000000000000001
19.201037672892525
949.2545
0.7000000000000001
19.91218721633299
957.956
0.7000000000000001
20.623336759773455
961.4035
0.7000000000000001
21.334486303213914
964.921
0.75
0.
856.959
0.75
0.7111495434404639
844.6265
0.75
1.4222990868809278
854.139
0.75
2.133448630321392
851.0045
0.75
2.8445981737618555
839.176
0.75
3.555747717202319
843.487
0.75
4.266897260642784
848.4155
0.75
4.978046804083247
850.934
0.75
5.689196347523711
857.4565
0.75
6.400345890964174
845.502
0.75
7.111495434404638
833.671
0.75
7.822644977845103
816.931
0.75
8.533794521285568
825.038
0.75
9.24494406472603
815.762
0.75
9.956093608166494
814.5615
0.75
10.667243151606957
803.363
0.75
11.378392695047422
773.119
0.75
12.089542238487887
809.473
0.75
12.800691781928348
700.4795
0.75
13.511841325368813
841.9925
0.75
14.222990868809276
830.9785
0.75
14.934140412249741
900.6025
0.75
15.645289955690206
926.745
0.75
16.35643949913067
937.4915
0.75
17.067589042571136
950.257
0.75
17.778738586011595
955.4945
0.75
18.48988812945206
961.216
0.75
19.201037672892525
965.642
0.75
19.91218721633299
967.323
0.75
20.623336759773455
970.1355
0.75
21.334486303213914
971.587
0.8
0.
844.068
0.8
0.7111495434404639
804.4885
0.8
1.4222990868809278
834.55
0.8
2.133448630321392
819.0655
0.8
2.8445981737618555
822.5035
0.8
3.555747717202319
827.353
0.8
4.266897260642784
812.2655
0.8
4.978046804083247
801.6165
0.8
5.689196347523711
813.5905
0.8
6.400345890964174
779.3285
0.8
7.111495434404638
827.4705
0.8
7.822644977845103
803.2785
0.8
8.533794521285568
798.3885
0.8
9.24494406472603
804.965
0.8
9.956093608166494
771.2975
0.8
10.667243151606957
765.475
0.8
11.378392695047422
727.968
0.8
12.089542238487887
715.039
0.8
12.800691781928348
789.4875
0.8
13.511841325368813
842.401
0.8
14.222990868809276
885.7105
0.8
14.934140412249741
906.7535
0.8
15.645289955690206
930.3335
0.8
16.35643949913067
946.001
0.8
17.067589042571136
953.414
0.8
17.778738586011595
956.7235
0.8
18.48988812945206
962.515
0.8
19.201037672892525
965.048
0.8
19.91218721633299
966.6315
0.8
20.623336759773455
968.229
0.8
21.334486303213914
969.4375
0.8500000000000001
0.
765.224
0.8500000000000001
0.7111495434404639
771.0585
0.8500000000000001
1.4222990868809278
763.663
0.8500000000000001
2.133448630321392
751.8
0.8500000000000001
2.8445981737618555
718.6675
0.8500000000000001
3.555747717202319
773.649
0.8500000000000001
4.266897260642784
765.646
0.8500000000000001
4.978046804083247
809.017
0.8500000000000001
5.689196347523711
527.224
0.8500000000000001
6.400345890964174
725.067
0.8500000000000001
7.111495434404638
717.431
0.8500000000000001
7.822644977845103
685.692
0.8500000000000001
8.533794521285568
698.694
0.8500000000000001
9.24494406472603
558.6605
0.8500000000000001
9.956093608166494
488.7465
0.8500000000000001
10.667243151606957
556.6635
0.8500000000000001
11.378392695047422
218.4355
0.8500000000000001
12.089542238487887
510.0815
0.8500000000000001
12.800691781928348
638.023
0.8500000000000001
13.511841325368813
841.46
0.8500000000000001
14.222990868809276
896.129
0.8500000000000001
14.934140412249741
915.388
0.8500000000000001
15.645289955690206
921.965
0.8500000000000001
16.35643949913067
932.025
0.8500000000000001
17.067589042571136
939.602
0.8500000000000001
17.778738586011595
942.1745
0.8500000000000001
18.48988812945206
949.372
0.8500000000000001
19.201037672892525
954.4755
0.8500000000000001
19.91218721633299
954.625
0.8500000000000001
20.623336759773455
958.572
0.8500000000000001
21.334486303213914
959.849
0.9
0.
535.3245
0.9
0.7111495434404639
255.543
0.9
1.4222990868809278
157.722
0.9
2.133448630321392
224.2465
0.9
2.8445981737618555
47.931
0.9
3.555747717202319
243.587
0.9
4.266897260642784
48.3805
0.9
4.978046804083247
296.138
0.9
5.689196347523711
172.113
0.9
6.400345890964174
414.984
0.9
7.111495434404638
644.8115
0.9
7.822644977845103
46.986
0.9
8.533794521285568
47.159
0.9
9.24494406472603
71.0595
0.9
9.956093608166494
46.0395
0.9
10.667243151606957
177.6515
0.9
11.378392695047422
45.227
0.9
12.089542238487887
72.2475
0.9
12.800691781928348
44.994
0.9
13.511841325368813
605.0535
0.9
14.222990868809276
795.432
0.9
14.934140412249741
826.965
0.9
15.645289955690206
874.989
0.9
16.35643949913067
911.4215
0.9
17.067589042571136
906.8195
0.9
17.778738586011595
928.6005
0.9
18.48988812945206
935.59
0.9
19.201037672892525
935.814
0.9
19.91218721633299
936.597
0.9
20.623336759773455
943.924
0.9
21.334486303213914
942.248
0.9500000000000001
0.
34.2315
0.9500000000000001
0.7111495434404639
32.927
0.9500000000000001
1.4222990868809278
33.349
0.9500000000000001
2.133448630321392
33.4655
0.9500000000000001
2.8445981737618555
33.441
0.9500000000000001
3.555747717202319
32.7205
0.9500000000000001
4.266897260642784
32.1255
0.9500000000000001
4.978046804083247
33.2105
0.9500000000000001
5.689196347523711
31.9515
0.9500000000000001
6.400345890964174
32.6325
0.9500000000000001
7.111495434404638
31.7415
0.9500000000000001
7.822644977845103
32.428
0.9500000000000001
8.533794521285568
32.56
0.9500000000000001
9.24494406472603
32.928
0.9500000000000001
9.956093608166494
32.481
0.9500000000000001
10.667243151606957
33.294
0.9500000000000001
11.378392695047422
33.084
0.9500000000000001
12.089542238487887
32.683
0.9500000000000001
12.800691781928348
32.6075
0.9500000000000001
13.511841325368813
32.4505
0.9500000000000001
14.222990868809276
644.955
0.9500000000000001
14.934140412249741
686.978
0.9500000000000001
15.645289955690206
769.203
0.9500000000000001
16.35643949913067
753.7005
0.9500000000000001
17.067589042571136
842.856
0.9500000000000001
17.778738586011595
875.991
0.9500000000000001
18.48988812945206
886.1165
0.9500000000000001
19.201037672892525
905.915
0.9500000000000001
19.91218721633299
902.437
0.9500000000000001
20.623336759773455
910.8315
0.9500000000000001
21.334486303213914
916.4675
1.
0.
25.4705
1.
0.7111495434404639
24.545
1.
1.4222990868809278
24.7295
1.
2.133448630321392
25.421
1.
2.8445981737618555
25.5025
1.
3.555747717202319
25.3135
1.
4.266897260642784
24.8515
1.
4.978046804083247
24.7435
1.
5.689196347523711
25.155
1.
6.400345890964174
24.9925
1.
7.111495434404638
24.55
1.
7.822644977845103
24.717
1.
8.533794521285568
24.278
1.
9.24494406472603
24.527
1.
9.956093608166494
25.0425
1.
10.667243151606957
25.424
1.
11.378392695047422
24.978
1.
12.089542238487887
25.493
1.
12.800691781928348
25.5555
1.
13.511841325368813
25.2725
1.
14.222990868809276
132.5815
1.
14.934140412249741
220.7155
1.
15.645289955690206
294.1555
1.
16.35643949913067
548.5435
1.
17.067589042571136
517.717
1.
17.778738586011595
613.722
1.
18.48988812945206
766.005
1.
19.201037672892525
784.6645
1.
19.91218721633299
852.6115
1.
20.623336759773455
850.006
1.
21.334486303213914
870.3345
1.05
0.
20.1185
1.05
0.7111495434404639
20.067
1.05
1.4222990868809278
20.1955
1.05
2.133448630321392
20.3985
1.05
2.8445981737618555
20.199
1.05
3.555747717202319
19.7935
1.05
4.266897260642784
19.8815
1.05
4.978046804083247
20.269
1.05
5.689196347523711
19.8975
1.05
6.400345890964174
20.505
1.05
7.111495434404638
20.557
1.05
7.822644977845103
20.4115
1.05
8.533794521285568
19.864
1.05
9.24494406472603
20.476
1.05
9.956093608166494
20.699
1.05
10.667243151606957
20.5905
1.05
11.378392695047422
20.3525
1.05
12.089542238487887
20.6465
1.05
12.800691781928348
20.7895
1.05
13.511841325368813
20.695
1.05
14.222990868809276
45.951
1.05
14.934140412249741
101.781
1.05
15.645289955690206
123.494
1.05
16.35643949913067
161.8845
1.05
17.067589042571136
192.12
1.05
17.778738586011595
227.295
1.05
18.48988812945206
286.436
1.05
19.201037672892525
316.646
1.05
19.91218721633299
484.9455
1.05
20.623336759773455
588.815
1.05
21.334486303213914
577.7055
1.1
0.
17.0325
1.1
0.7111495434404639
16.904
1.1
1.4222990868809278
17.0695
1.1
2.133448630321392
17.1545
1.1
2.8445981737618555
17.3065
1.1
3.555747717202319
17.2545
1.1
4.266897260642784
17.307
1.1
4.978046804083247
17.29
1.1
5.689196347523711
17.064
1.1
6.400345890964174
17.237
1.1
7.111495434404638
17.286
1.1
7.822644977845103
17.0165
1.1
8.533794521285568
17.1645
1.1
9.24494406472603
17.5895
1.1
9.956093608166494
17.509
1.1
10.667243151606957
17.792
1.1
11.378392695047422
17.8565
1.1
12.089542238487887
17.8205
1.1
12.800691781928348
17.7585
1.1
13.511841325368813
18.2625
1.1
14.222990868809276
38.2435
1.1
14.934140412249741
69.4165
1.1
15.645289955690206
86.0285
1.1
16.35643949913067
98.69
1.1
17.067589042571136
115.662
1.1
17.778738586011595
137.839
1.1
18.48988812945206
171.8045
1.1
19.201037672892525
192.8545
1.1
19.91218721633299
251.7805
1.1
20.623336759773455
226.9005
1.1
21.334486303213914
316.8165
1.1500000000000001
0.
15.333
1.1500000000000001
0.7111495434404639
15.3155
1.1500000000000001
1.4222990868809278
15.3465
1.1500000000000001
2.133448630321392
15.064
1.1500000000000001
2.8445981737618555
15.253
1.1500000000000001
3.555747717202319
15.402
1.1500000000000001
4.266897260642784
15.511
1.1500000000000001
4.978046804083247
15.4595
1.1500000000000001
5.689196347523711
15.3415
1.1500000000000001
6.400345890964174
15.8365
1.1500000000000001
7.111495434404638
15.24
1.1500000000000001
7.822644977845103
15.5755
1.1500000000000001
8.533794521285568
15.882
1.1500000000000001
9.24494406472603
15.4995
1.1500000000000001
9.956093608166494
15.703
1.1500000000000001
10.667243151606957
15.867
1.1500000000000001
11.378392695047422
15.7045
1.1500000000000001
12.089542238487887
15.861
1.1500000000000001
12.800691781928348
16.012
1.1500000000000001
13.511841325368813
16.4185
1.1500000000000001
14.222990868809276
22.018
1.1500000000000001
14.934140412249741
57.6085
1.1500000000000001
15.645289955690206
69.7205
1.1500000000000001
16.35643949913067
84.014
1.1500000000000001
17.067589042571136
93.656
1.1500000000000001
17.778738586011595
106.956
1.1500000000000001
18.48988812945206
117.5345
1.1500000000000001
19.201037672892525
145.3165
1.1500000000000001
19.91218721633299
151.35
1.1500000000000001
20.623336759773455
155.501
1.1500000000000001
21.334486303213914
166.7865
1.2000000000000002
0.
14.4435
1.2000000000000002
0.7111495434404639
14.578
1.2000000000000002
1.4222990868809278
14.197
1.2000000000000002
2.133448630321392
14.4445
1.2000000000000002
2.8445981737618555
14.355
1.2000000000000002
3.555747717202319
14.034
1.2000000000000002
4.266897260642784
14.3145
1.2000000000000002
4.978046804083247
14.1245
1.2000000000000002
5.689196347523711
14.442
1.2000000000000002
6.400345890964174
14.7255
1.2000000000000002
7.111495434404638
14.4755
1.2000000000000002
7.822644977845103
14.2995
1.2000000000000002
8.533794521285568
14.3335
1.2000000000000002
9.24494406472603
14.478
1.2000000000000002
9.956093608166494
14.4465
1.2000000000000002
10.667243151606957
14.8345
1.2000000000000002
11.378392695047422
14.7585
1.2000000000000002
12.089542238487887
14.6615
1.2000000000000002
12.800691781928348
15.2855
1.2000000000000002
13.511841325368813
15.0695
1.2000000000000002
14.222990868809276
16.682
1.2000000000000002
14.934140412249741
47.0595
1.2000000000000002
15.645289955690206
57.7505
1.2000000000000002
16.35643949913067
68.803
1.2000000000000002
17.067589042571136
78.1535
1.2000000000000002
17.778738586011595
99.2825
1.2000000000000002
18.48988812945206
107.498
1.2000000000000002
19.201037672892525
120.85
1.2000000000000002
19.91218721633299
120.997
1.2000000000000002
20.623336759773455
138.3875
1.2000000000000002
21.334486303213914
143.679
1.25
0.
13.5335
1.25
0.7111495434404639
13.6635
1.25
1.4222990868809278
13.4615
1.25
2.133448630321392
13.4025
1.25
2.8445981737618555
13.6035
1.25
3.555747717202319
13.686
1.25
4.266897260642784
13.4805
1.25
4.978046804083247
13.787
1.25
5.689196347523711
13.669
1.25
6.400345890964174
13.629
1.25
7.111495434404638
13.7845
1.25
7.822644977845103
13.7495
1.25
8.533794521285568
13.941
1.25
9.24494406472603
13.8925
1.25
9.956093608166494
14.0435
1.25
10.667243151606957
14.0225
1.25
11.378392695047422
14.2565
1.25
12.089542238487887
14.079
1.25
12.800691781928348
14.008
1.25
13.511841325368813
14.3605
1.25
14.222990868809276
17.994
1.25
14.934140412249741
45.666
1.25
15.645289955690206
56.4685
1.25
16.35643949913067
65.321
1.25
17.067589042571136
75.246
1.25
17.778738586011595
87.3015
1.25
18.48988812945206
98.6635
1.25
19.201037672892525
106.9295
1.25
19.91218721633299
116.568
1.25
20.623336759773455
121.3275
1.25
21.334486303213914
127.7975
1.3
0.
13.102
1.3
0.7111495434404639
13.209
1.3
1.4222990868809278
13.188
1.3
2.133448630321392
13.0115
1.3
2.8445981737618555
13.256
1.3
3.555747717202319
13.294
1.3
4.266897260642784
13.13
1.3
4.978046804083247
13.149
1.3
5.689196347523711
13.131
1.3
6.400345890964174
13.1495
1.3
7.111495434404638
13.253
1.3
7.822644977845103
13.3345
1.3
8.533794521285568
13.318
1.3
9.24494406472603
13.563
1.3
9.956093608166494
13.239
1.3
10.667243151606957
13.297
1.3
11.378392695047422
13.471
1.3
12.089542238487887
13.944
1.3
12.800691781928348
13.601
1.3
13.511841325368813
13.832
1.3
14.222990868809276
18.9575
1.3
14.934140412249741
44.146
1.3
15.645289955690206
55.571
1.3
16.35643949913067
65.0465
1.3
17.067589042571136
72.931
1.3
17.778738586011595
82.339
1.3
18.48988812945206
96.163
1.3
19.201037672892525
97.0355
1.3
19.91218721633299
110.8605
1.3
20.623336759773455
119.307
1.3
21.334486303213914
123.9165
1.35
0.
12.8585
1.35
0.7111495434404639
12.969
1.35
1.4222990868809278
13.082
1.35
2.133448630321392
12.934
1.35
2.8445981737618555
12.878
1.35
3.555747717202319
12.798
1.35
4.266897260642784
12.9955
1.35
4.978046804083247
12.802
1.35
5.689196347523711
12.715
1.35
6.400345890964174
12.7465
1.35
7.111495434404638
12.9625
1.35
7.822644977845103
13.0875
1.35
8.533794521285568
13.0675
1.35
9.24494406472603
13.3655
1.35
9.956093608166494
13.194
1.35
10.667243151606957
13.3175
1.35
11.378392695047422
13.37
1.35
12.089542238487887
13.51
1.35
12.800691781928348
13.5165
1.35
13.511841325368813
13.657
1.35
14.222990868809276
13.682
1.35
14.934140412249741
42.469
1.35
15.645289955690206
53.977
1.35
16.35643949913067
62.084
1.35
17.067589042571136
74.2915
1.35
17.778738586011595
79.5065
1.35
18.48988812945206
86.3155
1.35
19.201037672892525
97.226
1.35
19.91218721633299
108.882
1.35
20.623336759773455
117.471
1.35
21.334486303213914
117.735
1.4000000000000001
0.
12.8115
1.4000000000000001
0.7111495434404639
12.7955
1.4000000000000001
1.4222990868809278
12.894
1.4000000000000001
2.133448630321392
12.7535
1.4000000000000001
2.8445981737618555
12.787
1.4000000000000001
3.555747717202319
12.9135
1.4000000000000001
4.266897260642784
12.7315
1.4000000000000001
4.978046804083247
12.7345
1.4000000000000001
5.689196347523711
12.814
1.4000000000000001
6.400345890964174
12.7025
1.4000000000000001
7.111495434404638
12.797
1.4000000000000001
7.822644977845103
13.061
1.4000000000000001
8.533794521285568
12.926
1.4000000000000001
9.24494406472603
13.058
1.4000000000000001
9.956093608166494
12.91
1.4000000000000001
10.667243151606957
12.906
1.4000000000000001
11.378392695047422
13.2175
1.4000000000000001
12.089542238487887
13.248
1.4000000000000001
12.800691781928348
13.3025
1.4000000000000001
13.511841325368813
13.337
1.4000000000000001
14.222990868809276
16.734
1.4000000000000001
14.934140412249741
40.5855
1.4000000000000001
15.645289955690206
51.4095
1.4000000000000001
16.35643949913067
61.371
1.4000000000000001
17.067589042571136
75.863
1.4000000000000001
17.778738586011595
78.7255
1.4000000000000001
18.48988812945206
86.074
1.4000000000000001
19.201037672892525
96.0965
1.4000000000000001
19.91218721633299
107.189
1.4000000000000001
20.623336759773455
108.505
1.4000000000000001
21.334486303213914
116.388
1.4500000000000002
0.
12.69
1.4500000000000002
0.7111495434404639
12.491
1.4500000000000002
1.4222990868809278
12.6225
1.4500000000000002
2.133448630321392
12.548
1.4500000000000002
2.8445981737618555
12.674
1.4500000000000002
3.555747717202319
12.475
1.4500000000000002
4.266897260642784
12.706
1.4500000000000002
4.978046804083247
12.623
1.4500000000000002
5.689196347523711
12.5365
1.4500000000000002
6.400345890964174
12.969
1.4500000000000002
7.111495434404638
12.619
1.4500000000000002
7.822644977845103
12.8605
1.4500000000000002
8.533794521285568
12.646
1.4500000000000002
9.24494406472603
12.984
1.4500000000000002
9.956093608166494
12.7715
1.4500000000000002
10.667243151606957
12.922
1.4500000000000002
11.378392695047422
12.753
1.4500000000000002
12.089542238487887
13.175
1.4500000000000002
12.800691781928348
13.2815
1.4500000000000002
13.511841325368813
13.2085
1.4500000000000002
14.222990868809276
13.7655
1.4500000000000002
14.934140412249741
43.539
1.4500000000000002
15.645289955690206
52.7465
1.4500000000000002
16.35643949913067
61.55
1.4500000000000002
17.067589042571136
66.6315
1.4500000000000002
17.778738586011595
78.0925
1.4500000000000002
18.48988812945206
83.732
1.4500000000000002
19.201037672892525
93.394
1.4500000000000002
19.91218721633299
100.9895
1.4500000000000002
20.623336759773455
112.128
1.4500000000000002
21.334486303213914
122.207
1.5
0.
12.4455
1.5
0.7111495434404639
12.434
1.5
1.4222990868809278
12.462
1.5
2.133448630321392
12.4935
1.5
2.8445981737618555
12.5945
1.5
3.555747717202319
12.499
1.5
4.266897260642784
12.454
1.5
4.978046804083247
12.5235
1.5
5.689196347523711
12.1405
1.5
6.400345890964174
12.45
1.5
7.111495434404638
12.8025
1.5
7.822644977845103
12.784
1.5
8.533794521285568
12.5925
1.5
9.24494406472603
12.754
1.5
9.956093608166494
12.804
1.5
10.667243151606957
12.912
1.5
11.378392695047422
12.9125
1.5
12.089542238487887
13.1795
1.5
12.800691781928348
12.9845
1.5
13.511841325368813
13.3045
1.5
14.222990868809276
18.086
1.5
14.934140412249741
41.839
1.5
15.645289955690206
50.9135
1.5
16.35643949913067
57.5565
1.5
17.067589042571136
73.239
1.5
17.778738586011595
75.142
1.5
18.48988812945206
82.8605
1.5
19.201037672892525
97.648
1.5
19.91218721633299
106.0005
1.5
20.623336759773455
117.6815
1.5
21.334486303213914
122.421