1.2
0.918428
1.2
0.91336
1.2
0.869248
1.2
0.714908
1.2
0.927876
2.2
0.951628
2.2
0.972068
2.2
0.96506
2.2
0.968372
2.2
0.645152
3.2
0.377144
3.2
0.967664
3.2
0.9315
3.2
0.945416
3.2
0.888604
4.5
0.894328
4.5
0.91747
4.5
0.871138
4.5
0.924432
4.5
0.921634
5.5
0.955248
5.5
0.96073
5.5
0.964166
5.5
0.941306
5.5
0.684198
6.5
0.971726
6.5
0.946996
6.5
0.970158
6.5
0.655436
6.5
0.608186
7.8
0.800241
7.8
0.738355
7.8
0.8038
7.8
0.867755
7.8
0.844765
8.8
0.954365
8.8
0.908749
8.8
0.951848
8.8
0.904916
8.8
0.953258
9.8
0.968671
9.8
0.960632
9.8
0.102073
9.8
0.967886
9.8
0.849399