1.2
0.86162
1.2
0.952972
1.2
0.94866
1.2
0.944672
1.2
0.941596
2.2
0.8186
2.2
0.96672
2.2
0.774992
2.2
0.699324
2.2
0.955756
3.2
0.831452
3.2
0.739076
3.2
0.962644
3.2
0.917112
3.2
0.909772
4.5
0.971982
4.5
0.946734
4.5
0.960776
4.5
0.463172
4.5
0.935134
5.5
0.953284
5.5
0.963288
5.5
0.958668
5.5
0.820902
5.5
0.964534
6.5
0.928362
6.5
0.929142
6.5
0.961128
6.5
0.962188
6.5
0.949218
7.8
0.966504
7.8
0.954167
7.8
0.964477
7.8
0.973077
7.8
0.942078
8.8
0.961729
8.8
0.948593
8.8
0.918613
8.8
0.960239
8.8
0.95683
9.8
0.955744
9.8
0.895294
9.8
0.960139
9.8
0.95575
9.8
0.944722