1.2
0.953168
1.2
0.961188
1.2
0.962752
1.2
0.959844
1.2
0.966256
2.2
0.8186
2.2
0.96672
2.2
0.774992
2.2
0.699324
2.2
0.955756
3.2
0.915748
3.2
0.594636
3.2
0.90072
3.2
0.906872
3.2
0.957384
4.5
0.952056
4.5
0.94613
4.5
0.87713
4.5
0.960604
4.5
0.95157
5.5
0.953284
5.5
0.963288
5.5
0.958668
5.5
0.820902
5.5
0.964534
6.5
0.95157
6.5
0.967686
6.5
0.967394
6.5
0.952534
6.5
0.95367
7.8
0.935432
7.8
0.9217
7.8
0.933426
7.8
0.839699
7.8
0.932282
8.8
0.961729
8.8
0.948593
8.8
0.918613
8.8
0.960239
8.8
0.95683
9.8
0.859046
9.8
0.951807
9.8
0.932166
9.8
0.960965
9.8
0.961719