./execute_sim20 5000 1 1 0. 10 1 0 0.00000 0.00000 1
./execute_sim20 5000 1 1 0. 10 1 0 0.71115 0.00000 1
./execute_sim20 5000 1 1 0. 10 1 0 1.42230 0.00000 1
./execute_sim20 5000 1 1 0. 10 1 0 2.13345 0.00000 1
./execute_sim20 5000 1 1 0. 10 1 0 2.84460 0.00000 1
./execute_sim20 5000 1 1 0. 10 1 0 3.55575 0.00000 1
./execute_sim20 5000 1 1 0. 10 1 0 4.26690 0.00000 1
./execute_sim20 5000 1 1 0. 10 1 0 4.97805 0.00000 1
./execute_sim20 5000 1 1 0. 10 1 0 5.68920 0.00000 1
./execute_sim20 5000 1 1 0. 10 1 0 6.40035 0.00000 1
./execute_sim20 5000 1 1 0. 10 1 0 7.11150 0.00000 1
./execute_sim20 5000 1 1 0. 10 1 0 7.82264 0.00000 1
./execute_sim20 5000 1 1 0. 10 1 0 8.53379 0.00000 1
./execute_sim20 5000 1 1 0. 10 1 0 9.24494 0.00000 1
./execute_sim20 5000 1 1 0. 10 1 0 9.95609 0.00000 1
./execute_sim20 5000 1 1 0. 10 1 0 10.66720 0.00000 1
./execute_sim20 5000 1 1 0. 10 1 0 11.37840 0.00000 1
./execute_sim20 5000 1 1 0. 10 1 0 12.08950 0.00000 1
./execute_sim20 5000 1 1 0. 10 1 0 12.80070 0.00000 1
./execute_sim20 5000 1 1 0. 10 1 0 13.51180 0.00000 1
./execute_sim20 5000 1 1 0. 10 1 0 14.22300 0.00000 1
./execute_sim20 5000 1 1 0. 10 1 0 14.93410 0.00000 1
./execute_sim20 5000 1 1 0. 10 1 0 15.64530 0.00000 1
./execute_sim20 5000 1 1 0. 10 1 0 16.35640 0.00000 1
./execute_sim20 5000 1 1 0. 10 1 0 17.06760 0.00000 1
./execute_sim20 5000 1 1 0. 10 1 0 17.77870 0.00000 1
./execute_sim20 5000 1 1 0. 10 1 0 18.48990 0.00000 1
./execute_sim20 5000 1 1 0. 10 1 0 19.20100 0.00000 1
./execute_sim20 5000 1 1 0. 10 1 0 19.91220 0.00000 1
./execute_sim20 5000 1 1 0. 10 1 0 20.62330 0.00000 1
./execute_sim20 5000 1 1 0. 10 1 0 21.33450 0.00000 1
./execute_sim20 5000 1 1 0. 10 1 0 0.00000 0.05000 1
./execute_sim20 5000 1 1 0. 10 1 0 0.71115 0.05000 1
./execute_sim20 5000 1 1 0. 10 1 0 1.42230 0.05000 1
./execute_sim20 5000 1 1 0. 10 1 0 2.13345 0.05000 1
./execute_sim20 5000 1 1 0. 10 1 0 2.84460 0.05000 1
./execute_sim20 5000 1 1 0. 10 1 0 3.55575 0.05000 1
./execute_sim20 5000 1 1 0. 10 1 0 4.26690 0.05000 1
./execute_sim20 5000 1 1 0. 10 1 0 4.97805 0.05000 1
./execute_sim20 5000 1 1 0. 10 1 0 5.68920 0.05000 1
./execute_sim20 5000 1 1 0. 10 1 0 6.40035 0.05000 1
./execute_sim20 5000 1 1 0. 10 1 0 7.11150 0.05000 1
./execute_sim20 5000 1 1 0. 10 1 0 7.82264 0.05000 1
./execute_sim20 5000 1 1 0. 10 1 0 8.53379 0.05000 1
./execute_sim20 5000 1 1 0. 10 1 0 9.24494 0.05000 1
./execute_sim20 5000 1 1 0. 10 1 0 9.95609 0.05000 1
./execute_sim20 5000 1 1 0. 10 1 0 10.66720 0.05000 1
./execute_sim20 5000 1 1 0. 10 1 0 11.37840 0.05000 1
./execute_sim20 5000 1 1 0. 10 1 0 12.08950 0.05000 1
./execute_sim20 5000 1 1 0. 10 1 0 12.80070 0.05000 1
./execute_sim20 5000 1 1 0. 10 1 0 13.51180 0.05000 1
./execute_sim20 5000 1 1 0. 10 1 0 14.22300 0.05000 1
./execute_sim20 5000 1 1 0. 10 1 0 14.93410 0.05000 1
./execute_sim20 5000 1 1 0. 10 1 0 15.64530 0.05000 1
./execute_sim20 5000 1 1 0. 10 1 0 16.35640 0.05000 1
./execute_sim20 5000 1 1 0. 10 1 0 17.06760 0.05000 1
./execute_sim20 5000 1 1 0. 10 1 0 17.77870 0.05000 1
./execute_sim20 5000 1 1 0. 10 1 0 18.48990 0.05000 1
./execute_sim20 5000 1 1 0. 10 1 0 19.20100 0.05000 1
./execute_sim20 5000 1 1 0. 10 1 0 19.91220 0.05000 1
./execute_sim20 5000 1 1 0. 10 1 0 20.62330 0.05000 1
./execute_sim20 5000 1 1 0. 10 1 0 21.33450 0.05000 1
./execute_sim20 5000 1 1 0. 10 1 0 0.00000 0.10000 1
./execute_sim20 5000 1 1 0. 10 1 0 0.71115 0.10000 1
./execute_sim20 5000 1 1 0. 10 1 0 1.42230 0.10000 1
./execute_sim20 5000 1 1 0. 10 1 0 2.13345 0.10000 1
./execute_sim20 5000 1 1 0. 10 1 0 2.84460 0.10000 1
./execute_sim20 5000 1 1 0. 10 1 0 3.55575 0.10000 1
./execute_sim20 5000 1 1 0. 10 1 0 4.26690 0.10000 1
./execute_sim20 5000 1 1 0. 10 1 0 4.97805 0.10000 1
./execute_sim20 5000 1 1 0. 10 1 0 5.68920 0.10000 1
./execute_sim20 5000 1 1 0. 10 1 0 6.40035 0.10000 1
./execute_sim20 5000 1 1 0. 10 1 0 7.11150 0.10000 1
./execute_sim20 5000 1 1 0. 10 1 0 7.82264 0.10000 1
./execute_sim20 5000 1 1 0. 10 1 0 8.53379 0.10000 1
./execute_sim20 5000 1 1 0. 10 1 0 9.24494 0.10000 1
./execute_sim20 5000 1 1 0. 10 1 0 9.95609 0.10000 1
./execute_sim20 5000 1 1 0. 10 1 0 10.66720 0.10000 1
./execute_sim20 5000 1 1 0. 10 1 0 11.37840 0.10000 1
./execute_sim20 5000 1 1 0. 10 1 0 12.08950 0.10000 1
./execute_sim20 5000 1 1 0. 10 1 0 12.80070 0.10000 1
./execute_sim20 5000 1 1 0. 10 1 0 13.51180 0.10000 1
./execute_sim20 5000 1 1 0. 10 1 0 14.22300 0.10000 1
./execute_sim20 5000 1 1 0. 10 1 0 14.93410 0.10000 1
./execute_sim20 5000 1 1 0. 10 1 0 15.64530 0.10000 1
./execute_sim20 5000 1 1 0. 10 1 0 16.35640 0.10000 1
./execute_sim20 5000 1 1 0. 10 1 0 17.06760 0.10000 1
./execute_sim20 5000 1 1 0. 10 1 0 17.77870 0.10000 1
./execute_sim20 5000 1 1 0. 10 1 0 18.48990 0.10000 1
./execute_sim20 5000 1 1 0. 10 1 0 19.20100 0.10000 1
./execute_sim20 5000 1 1 0. 10 1 0 19.91220 0.10000 1
./execute_sim20 5000 1 1 0. 10 1 0 20.62330 0.10000 1
./execute_sim20 5000 1 1 0. 10 1 0 21.33450 0.10000 1
./execute_sim20 5000 1 1 0. 10 1 0 0.00000 0.15000 1
./execute_sim20 5000 1 1 0. 10 1 0 0.71115 0.15000 1
./execute_sim20 5000 1 1 0. 10 1 0 1.42230 0.15000 1
./execute_sim20 5000 1 1 0. 10 1 0 2.13345 0.15000 1
./execute_sim20 5000 1 1 0. 10 1 0 2.84460 0.15000 1
./execute_sim20 5000 1 1 0. 10 1 0 3.55575 0.15000 1
./execute_sim20 5000 1 1 0. 10 1 0 4.26690 0.15000 1
./execute_sim20 5000 1 1 0. 10 1 0 4.97805 0.15000 1
./execute_sim20 5000 1 1 0. 10 1 0 5.68920 0.15000 1
./execute_sim20 5000 1 1 0. 10 1 0 6.40035 0.15000 1
./execute_sim20 5000 1 1 0. 10 1 0 7.11150 0.15000 1
./execute_sim20 5000 1 1 0. 10 1 0 7.82264 0.15000 1
./execute_sim20 5000 1 1 0. 10 1 0 8.53379 0.15000 1
./execute_sim20 5000 1 1 0. 10 1 0 9.24494 0.15000 1
./execute_sim20 5000 1 1 0. 10 1 0 9.95609 0.15000 1
./execute_sim20 5000 1 1 0. 10 1 0 10.66720 0.15000 1
./execute_sim20 5000 1 1 0. 10 1 0 11.37840 0.15000 1
./execute_sim20 5000 1 1 0. 10 1 0 12.08950 0.15000 1
./execute_sim20 5000 1 1 0. 10 1 0 12.80070 0.15000 1
./execute_sim20 5000 1 1 0. 10 1 0 13.51180 0.15000 1
./execute_sim20 5000 1 1 0. 10 1 0 14.22300 0.15000 1
./execute_sim20 5000 1 1 0. 10 1 0 14.93410 0.15000 1
./execute_sim20 5000 1 1 0. 10 1 0 15.64530 0.15000 1
./execute_sim20 5000 1 1 0. 10 1 0 16.35640 0.15000 1
./execute_sim20 5000 1 1 0. 10 1 0 17.06760 0.15000 1
./execute_sim20 5000 1 1 0. 10 1 0 17.77870 0.15000 1
./execute_sim20 5000 1 1 0. 10 1 0 18.48990 0.15000 1
./execute_sim20 5000 1 1 0. 10 1 0 19.20100 0.15000 1
./execute_sim20 5000 1 1 0. 10 1 0 19.91220 0.15000 1
./execute_sim20 5000 1 1 0. 10 1 0 20.62330 0.15000 1
./execute_sim20 5000 1 1 0. 10 1 0 21.33450 0.15000 1
./execute_sim20 5000 1 1 0. 10 1 0 0.00000 0.20000 1
./execute_sim20 5000 1 1 0. 10 1 0 0.71115 0.20000 1
./execute_sim20 5000 1 1 0. 10 1 0 1.42230 0.20000 1
./execute_sim20 5000 1 1 0. 10 1 0 2.13345 0.20000 1
./execute_sim20 5000 1 1 0. 10 1 0 2.84460 0.20000 1
./execute_sim20 5000 1 1 0. 10 1 0 3.55575 0.20000 1
./execute_sim20 5000 1 1 0. 10 1 0 4.26690 0.20000 1
./execute_sim20 5000 1 1 0. 10 1 0 4.97805 0.20000 1
./execute_sim20 5000 1 1 0. 10 1 0 5.68920 0.20000 1
./execute_sim20 5000 1 1 0. 10 1 0 6.40035 0.20000 1
./execute_sim20 5000 1 1 0. 10 1 0 7.11150 0.20000 1
./execute_sim20 5000 1 1 0. 10 1 0 7.82264 0.20000 1
./execute_sim20 5000 1 1 0. 10 1 0 8.53379 0.20000 1
./execute_sim20 5000 1 1 0. 10 1 0 9.24494 0.20000 1
./execute_sim20 5000 1 1 0. 10 1 0 9.95609 0.20000 1
./execute_sim20 5000 1 1 0. 10 1 0 10.66720 0.20000 1
./execute_sim20 5000 1 1 0. 10 1 0 11.37840 0.20000 1
./execute_sim20 5000 1 1 0. 10 1 0 12.08950 0.20000 1
./execute_sim20 5000 1 1 0. 10 1 0 12.80070 0.20000 1
./execute_sim20 5000 1 1 0. 10 1 0 13.51180 0.20000 1
./execute_sim20 5000 1 1 0. 10 1 0 14.22300 0.20000 1
./execute_sim20 5000 1 1 0. 10 1 0 14.93410 0.20000 1
./execute_sim20 5000 1 1 0. 10 1 0 15.64530 0.20000 1
./execute_sim20 5000 1 1 0. 10 1 0 16.35640 0.20000 1
./execute_sim20 5000 1 1 0. 10 1 0 17.06760 0.20000 1
./execute_sim20 5000 1 1 0. 10 1 0 17.77870 0.20000 1
./execute_sim20 5000 1 1 0. 10 1 0 18.48990 0.20000 1
./execute_sim20 5000 1 1 0. 10 1 0 19.20100 0.20000 1
./execute_sim20 5000 1 1 0. 10 1 0 19.91220 0.20000 1
./execute_sim20 5000 1 1 0. 10 1 0 20.62330 0.20000 1
./execute_sim20 5000 1 1 0. 10 1 0 21.33450 0.20000 1
./execute_sim20 5000 1 1 0. 10 1 0 0.00000 0.25000 1
./execute_sim20 5000 1 1 0. 10 1 0 0.71115 0.25000 1
./execute_sim20 5000 1 1 0. 10 1 0 1.42230 0.25000 1
./execute_sim20 5000 1 1 0. 10 1 0 2.13345 0.25000 1
./execute_sim20 5000 1 1 0. 10 1 0 2.84460 0.25000 1
./execute_sim20 5000 1 1 0. 10 1 0 3.55575 0.25000 1
./execute_sim20 5000 1 1 0. 10 1 0 4.26690 0.25000 1
./execute_sim20 5000 1 1 0. 10 1 0 4.97805 0.25000 1
./execute_sim20 5000 1 1 0. 10 1 0 5.68920 0.25000 1
./execute_sim20 5000 1 1 0. 10 1 0 6.40035 0.25000 1
./execute_sim20 5000 1 1 0. 10 1 0 7.11150 0.25000 1
./execute_sim20 5000 1 1 0. 10 1 0 7.82264 0.25000 1
./execute_sim20 5000 1 1 0. 10 1 0 8.53379 0.25000 1
./execute_sim20 5000 1 1 0. 10 1 0 9.24494 0.25000 1
./execute_sim20 5000 1 1 0. 10 1 0 9.95609 0.25000 1
./execute_sim20 5000 1 1 0. 10 1 0 10.66720 0.25000 1
./execute_sim20 5000 1 1 0. 10 1 0 11.37840 0.25000 1
./execute_sim20 5000 1 1 0. 10 1 0 12.08950 0.25000 1
./execute_sim20 5000 1 1 0. 10 1 0 12.80070 0.25000 1
./execute_sim20 5000 1 1 0. 10 1 0 13.51180 0.25000 1
./execute_sim20 5000 1 1 0. 10 1 0 14.22300 0.25000 1
./execute_sim20 5000 1 1 0. 10 1 0 14.93410 0.25000 1
./execute_sim20 5000 1 1 0. 10 1 0 15.64530 0.25000 1
./execute_sim20 5000 1 1 0. 10 1 0 16.35640 0.25000 1
./execute_sim20 5000 1 1 0. 10 1 0 17.06760 0.25000 1
./execute_sim20 5000 1 1 0. 10 1 0 17.77870 0.25000 1
./execute_sim20 5000 1 1 0. 10 1 0 18.48990 0.25000 1
./execute_sim20 5000 1 1 0. 10 1 0 19.20100 0.25000 1
./execute_sim20 5000 1 1 0. 10 1 0 19.91220 0.25000 1
./execute_sim20 5000 1 1 0. 10 1 0 20.62330 0.25000 1
./execute_sim20 5000 1 1 0. 10 1 0 21.33450 0.25000 1
./execute_sim20 5000 1 1 0. 10 1 0 0.00000 0.30000 1
./execute_sim20 5000 1 1 0. 10 1 0 0.71115 0.30000 1
./execute_sim20 5000 1 1 0. 10 1 0 1.42230 0.30000 1
./execute_sim20 5000 1 1 0. 10 1 0 2.13345 0.30000 1
./execute_sim20 5000 1 1 0. 10 1 0 2.84460 0.30000 1
./execute_sim20 5000 1 1 0. 10 1 0 3.55575 0.30000 1
./execute_sim20 5000 1 1 0. 10 1 0 4.26690 0.30000 1
./execute_sim20 5000 1 1 0. 10 1 0 4.97805 0.30000 1
./execute_sim20 5000 1 1 0. 10 1 0 5.68920 0.30000 1
./execute_sim20 5000 1 1 0. 10 1 0 6.40035 0.30000 1
./execute_sim20 5000 1 1 0. 10 1 0 7.11150 0.30000 1
./execute_sim20 5000 1 1 0. 10 1 0 7.82264 0.30000 1
./execute_sim20 5000 1 1 0. 10 1 0 8.53379 0.30000 1
./execute_sim20 5000 1 1 0. 10 1 0 9.24494 0.30000 1
./execute_sim20 5000 1 1 0. 10 1 0 9.95609 0.30000 1
./execute_sim20 5000 1 1 0. 10 1 0 10.66720 0.30000 1
./execute_sim20 5000 1 1 0. 10 1 0 11.37840 0.30000 1
./execute_sim20 5000 1 1 0. 10 1 0 12.08950 0.30000 1
./execute_sim20 5000 1 1 0. 10 1 0 12.80070 0.30000 1
./execute_sim20 5000 1 1 0. 10 1 0 13.51180 0.30000 1
./execute_sim20 5000 1 1 0. 10 1 0 14.22300 0.30000 1
./execute_sim20 5000 1 1 0. 10 1 0 14.93410 0.30000 1
./execute_sim20 5000 1 1 0. 10 1 0 15.64530 0.30000 1
./execute_sim20 5000 1 1 0. 10 1 0 16.35640 0.30000 1
./execute_sim20 5000 1 1 0. 10 1 0 17.06760 0.30000 1
./execute_sim20 5000 1 1 0. 10 1 0 17.77870 0.30000 1
./execute_sim20 5000 1 1 0. 10 1 0 18.48990 0.30000 1
./execute_sim20 5000 1 1 0. 10 1 0 19.20100 0.30000 1
./execute_sim20 5000 1 1 0. 10 1 0 19.91220 0.30000 1
./execute_sim20 5000 1 1 0. 10 1 0 20.62330 0.30000 1
./execute_sim20 5000 1 1 0. 10 1 0 21.33450 0.30000 1
./execute_sim20 5000 1 1 0. 10 1 0 0.00000 0.35000 1
./execute_sim20 5000 1 1 0. 10 1 0 0.71115 0.35000 1
./execute_sim20 5000 1 1 0. 10 1 0 1.42230 0.35000 1
./execute_sim20 5000 1 1 0. 10 1 0 2.13345 0.35000 1
./execute_sim20 5000 1 1 0. 10 1 0 2.84460 0.35000 1
./execute_sim20 5000 1 1 0. 10 1 0 3.55575 0.35000 1
./execute_sim20 5000 1 1 0. 10 1 0 4.26690 0.35000 1
./execute_sim20 5000 1 1 0. 10 1 0 4.97805 0.35000 1
./execute_sim20 5000 1 1 0. 10 1 0 5.68920 0.35000 1
./execute_sim20 5000 1 1 0. 10 1 0 6.40035 0.35000 1
./execute_sim20 5000 1 1 0. 10 1 0 7.11150 0.35000 1
./execute_sim20 5000 1 1 0. 10 1 0 7.82264 0.35000 1
./execute_sim20 5000 1 1 0. 10 1 0 8.53379 0.35000 1
./execute_sim20 5000 1 1 0. 10 1 0 9.24494 0.35000 1
./execute_sim20 5000 1 1 0. 10 1 0 9.95609 0.35000 1
./execute_sim20 5000 1 1 0. 10 1 0 10.66720 0.35000 1
./execute_sim20 5000 1 1 0. 10 1 0 11.37840 0.35000 1
./execute_sim20 5000 1 1 0. 10 1 0 12.08950 0.35000 1
./execute_sim20 5000 1 1 0. 10 1 0 12.80070 0.35000 1
./execute_sim20 5000 1 1 0. 10 1 0 13.51180 0.35000 1
./execute_sim20 5000 1 1 0. 10 1 0 14.22300 0.35000 1
./execute_sim20 5000 1 1 0. 10 1 0 14.93410 0.35000 1
./execute_sim20 5000 1 1 0. 10 1 0 15.64530 0.35000 1
./execute_sim20 5000 1 1 0. 10 1 0 16.35640 0.35000 1
./execute_sim20 5000 1 1 0. 10 1 0 17.06760 0.35000 1
./execute_sim20 5000 1 1 0. 10 1 0 17.77870 0.35000 1
./execute_sim20 5000 1 1 0. 10 1 0 18.48990 0.35000 1
./execute_sim20 5000 1 1 0. 10 1 0 19.20100 0.35000 1
./execute_sim20 5000 1 1 0. 10 1 0 19.91220 0.35000 1
./execute_sim20 5000 1 1 0. 10 1 0 20.62330 0.35000 1
./execute_sim20 5000 1 1 0. 10 1 0 21.33450 0.35000 1
./execute_sim20 5000 1 1 0. 10 1 0 0.00000 0.40000 1
./execute_sim20 5000 1 1 0. 10 1 0 0.71115 0.40000 1
./execute_sim20 5000 1 1 0. 10 1 0 1.42230 0.40000 1
./execute_sim20 5000 1 1 0. 10 1 0 2.13345 0.40000 1
./execute_sim20 5000 1 1 0. 10 1 0 2.84460 0.40000 1
./execute_sim20 5000 1 1 0. 10 1 0 3.55575 0.40000 1
./execute_sim20 5000 1 1 0. 10 1 0 4.26690 0.40000 1
./execute_sim20 5000 1 1 0. 10 1 0 4.97805 0.40000 1
./execute_sim20 5000 1 1 0. 10 1 0 5.68920 0.40000 1
./execute_sim20 5000 1 1 0. 10 1 0 6.40035 0.40000 1
./execute_sim20 5000 1 1 0. 10 1 0 7.11150 0.40000 1
./execute_sim20 5000 1 1 0. 10 1 0 7.82264 0.40000 1
./execute_sim20 5000 1 1 0. 10 1 0 8.53379 0.40000 1
./execute_sim20 5000 1 1 0. 10 1 0 9.24494 0.40000 1
./execute_sim20 5000 1 1 0. 10 1 0 9.95609 0.40000 1
./execute_sim20 5000 1 1 0. 10 1 0 10.66720 0.40000 1
./execute_sim20 5000 1 1 0. 10 1 0 11.37840 0.40000 1
./execute_sim20 5000 1 1 0. 10 1 0 12.08950 0.40000 1
./execute_sim20 5000 1 1 0. 10 1 0 12.80070 0.40000 1
./execute_sim20 5000 1 1 0. 10 1 0 13.51180 0.40000 1
./execute_sim20 5000 1 1 0. 10 1 0 14.22300 0.40000 1
./execute_sim20 5000 1 1 0. 10 1 0 14.93410 0.40000 1
./execute_sim20 5000 1 1 0. 10 1 0 15.64530 0.40000 1
./execute_sim20 5000 1 1 0. 10 1 0 16.35640 0.40000 1
./execute_sim20 5000 1 1 0. 10 1 0 17.06760 0.40000 1
./execute_sim20 5000 1 1 0. 10 1 0 17.77870 0.40000 1
./execute_sim20 5000 1 1 0. 10 1 0 18.48990 0.40000 1
./execute_sim20 5000 1 1 0. 10 1 0 19.20100 0.40000 1
./execute_sim20 5000 1 1 0. 10 1 0 19.91220 0.40000 1
./execute_sim20 5000 1 1 0. 10 1 0 20.62330 0.40000 1
./execute_sim20 5000 1 1 0. 10 1 0 21.33450 0.40000 1
./execute_sim20 5000 1 1 0. 10 1 0 0.00000 0.45000 1
./execute_sim20 5000 1 1 0. 10 1 0 0.71115 0.45000 1
./execute_sim20 5000 1 1 0. 10 1 0 1.42230 0.45000 1
./execute_sim20 5000 1 1 0. 10 1 0 2.13345 0.45000 1
./execute_sim20 5000 1 1 0. 10 1 0 2.84460 0.45000 1
./execute_sim20 5000 1 1 0. 10 1 0 3.55575 0.45000 1
./execute_sim20 5000 1 1 0. 10 1 0 4.26690 0.45000 1
./execute_sim20 5000 1 1 0. 10 1 0 4.97805 0.45000 1
./execute_sim20 5000 1 1 0. 10 1 0 5.68920 0.45000 1
./execute_sim20 5000 1 1 0. 10 1 0 6.40035 0.45000 1
./execute_sim20 5000 1 1 0. 10 1 0 7.11150 0.45000 1
./execute_sim20 5000 1 1 0. 10 1 0 7.82264 0.45000 1
./execute_sim20 5000 1 1 0. 10 1 0 8.53379 0.45000 1
./execute_sim20 5000 1 1 0. 10 1 0 9.24494 0.45000 1
./execute_sim20 5000 1 1 0. 10 1 0 9.95609 0.45000 1
./execute_sim20 5000 1 1 0. 10 1 0 10.66720 0.45000 1
./execute_sim20 5000 1 1 0. 10 1 0 11.37840 0.45000 1
./execute_sim20 5000 1 1 0. 10 1 0 12.08950 0.45000 1
./execute_sim20 5000 1 1 0. 10 1 0 12.80070 0.45000 1
./execute_sim20 5000 1 1 0. 10 1 0 13.51180 0.45000 1
./execute_sim20 5000 1 1 0. 10 1 0 14.22300 0.45000 1
./execute_sim20 5000 1 1 0. 10 1 0 14.93410 0.45000 1
./execute_sim20 5000 1 1 0. 10 1 0 15.64530 0.45000 1
./execute_sim20 5000 1 1 0. 10 1 0 16.35640 0.45000 1
./execute_sim20 5000 1 1 0. 10 1 0 17.06760 0.45000 1
./execute_sim20 5000 1 1 0. 10 1 0 17.77870 0.45000 1
./execute_sim20 5000 1 1 0. 10 1 0 18.48990 0.45000 1
./execute_sim20 5000 1 1 0. 10 1 0 19.20100 0.45000 1
./execute_sim20 5000 1 1 0. 10 1 0 19.91220 0.45000 1
./execute_sim20 5000 1 1 0. 10 1 0 20.62330 0.45000 1
./execute_sim20 5000 1 1 0. 10 1 0 21.33450 0.45000 1
./execute_sim20 5000 1 1 0. 10 1 0 0.00000 0.50000 1
./execute_sim20 5000 1 1 0. 10 1 0 0.71115 0.50000 1
./execute_sim20 5000 1 1 0. 10 1 0 1.42230 0.50000 1
./execute_sim20 5000 1 1 0. 10 1 0 2.13345 0.50000 1
./execute_sim20 5000 1 1 0. 10 1 0 2.84460 0.50000 1
./execute_sim20 5000 1 1 0. 10 1 0 3.55575 0.50000 1
./execute_sim20 5000 1 1 0. 10 1 0 4.26690 0.50000 1
./execute_sim20 5000 1 1 0. 10 1 0 4.97805 0.50000 1
./execute_sim20 5000 1 1 0. 10 1 0 5.68920 0.50000 1
./execute_sim20 5000 1 1 0. 10 1 0 6.40035 0.50000 1
./execute_sim20 5000 1 1 0. 10 1 0 7.11150 0.50000 1
./execute_sim20 5000 1 1 0. 10 1 0 7.82264 0.50000 1
./execute_sim20 5000 1 1 0. 10 1 0 8.53379 0.50000 1
./execute_sim20 5000 1 1 0. 10 1 0 9.24494 0.50000 1
./execute_sim20 5000 1 1 0. 10 1 0 9.95609 0.50000 1
./execute_sim20 5000 1 1 0. 10 1 0 10.66720 0.50000 1
./execute_sim20 5000 1 1 0. 10 1 0 11.37840 0.50000 1
./execute_sim20 5000 1 1 0. 10 1 0 12.08950 0.50000 1
./execute_sim20 5000 1 1 0. 10 1 0 12.80070 0.50000 1
./execute_sim20 5000 1 1 0. 10 1 0 13.51180 0.50000 1
./execute_sim20 5000 1 1 0. 10 1 0 14.22300 0.50000 1
./execute_sim20 5000 1 1 0. 10 1 0 14.93410 0.50000 1
./execute_sim20 5000 1 1 0. 10 1 0 15.64530 0.50000 1
./execute_sim20 5000 1 1 0. 10 1 0 16.35640 0.50000 1
./execute_sim20 5000 1 1 0. 10 1 0 17.06760 0.50000 1
./execute_sim20 5000 1 1 0. 10 1 0 17.77870 0.50000 1
./execute_sim20 5000 1 1 0. 10 1 0 18.48990 0.50000 1
./execute_sim20 5000 1 1 0. 10 1 0 19.20100 0.50000 1
./execute_sim20 5000 1 1 0. 10 1 0 19.91220 0.50000 1
./execute_sim20 5000 1 1 0. 10 1 0 20.62330 0.50000 1
./execute_sim20 5000 1 1 0. 10 1 0 21.33450 0.50000 1
./execute_sim20 5000 1 1 0. 10 1 0 0.00000 0.55000 1
./execute_sim20 5000 1 1 0. 10 1 0 0.71115 0.55000 1
./execute_sim20 5000 1 1 0. 10 1 0 1.42230 0.55000 1
./execute_sim20 5000 1 1 0. 10 1 0 2.13345 0.55000 1
./execute_sim20 5000 1 1 0. 10 1 0 2.84460 0.55000 1
./execute_sim20 5000 1 1 0. 10 1 0 3.55575 0.55000 1
./execute_sim20 5000 1 1 0. 10 1 0 4.26690 0.55000 1
./execute_sim20 5000 1 1 0. 10 1 0 4.97805 0.55000 1
./execute_sim20 5000 1 1 0. 10 1 0 5.68920 0.55000 1
./execute_sim20 5000 1 1 0. 10 1 0 6.40035 0.55000 1
./execute_sim20 5000 1 1 0. 10 1 0 7.11150 0.55000 1
./execute_sim20 5000 1 1 0. 10 1 0 7.82264 0.55000 1
./execute_sim20 5000 1 1 0. 10 1 0 8.53379 0.55000 1
./execute_sim20 5000 1 1 0. 10 1 0 9.24494 0.55000 1
./execute_sim20 5000 1 1 0. 10 1 0 9.95609 0.55000 1
./execute_sim20 5000 1 1 0. 10 1 0 10.66720 0.55000 1
./execute_sim20 5000 1 1 0. 10 1 0 11.37840 0.55000 1
./execute_sim20 5000 1 1 0. 10 1 0 12.08950 0.55000 1
./execute_sim20 5000 1 1 0. 10 1 0 12.80070 0.55000 1
./execute_sim20 5000 1 1 0. 10 1 0 13.51180 0.55000 1
./execute_sim20 5000 1 1 0. 10 1 0 14.22300 0.55000 1
./execute_sim20 5000 1 1 0. 10 1 0 14.93410 0.55000 1
./execute_sim20 5000 1 1 0. 10 1 0 15.64530 0.55000 1
./execute_sim20 5000 1 1 0. 10 1 0 16.35640 0.55000 1
./execute_sim20 5000 1 1 0. 10 1 0 17.06760 0.55000 1
./execute_sim20 5000 1 1 0. 10 1 0 17.77870 0.55000 1
./execute_sim20 5000 1 1 0. 10 1 0 18.48990 0.55000 1
./execute_sim20 5000 1 1 0. 10 1 0 19.20100 0.55000 1
./execute_sim20 5000 1 1 0. 10 1 0 19.91220 0.55000 1
./execute_sim20 5000 1 1 0. 10 1 0 20.62330 0.55000 1
./execute_sim20 5000 1 1 0. 10 1 0 21.33450 0.55000 1
./execute_sim20 5000 1 1 0. 10 1 0 0.00000 0.60000 1
./execute_sim20 5000 1 1 0. 10 1 0 0.71115 0.60000 1
./execute_sim20 5000 1 1 0. 10 1 0 1.42230 0.60000 1
./execute_sim20 5000 1 1 0. 10 1 0 2.13345 0.60000 1
./execute_sim20 5000 1 1 0. 10 1 0 2.84460 0.60000 1
./execute_sim20 5000 1 1 0. 10 1 0 3.55575 0.60000 1
./execute_sim20 5000 1 1 0. 10 1 0 4.26690 0.60000 1
./execute_sim20 5000 1 1 0. 10 1 0 4.97805 0.60000 1
./execute_sim20 5000 1 1 0. 10 1 0 5.68920 0.60000 1
./execute_sim20 5000 1 1 0. 10 1 0 6.40035 0.60000 1
./execute_sim20 5000 1 1 0. 10 1 0 7.11150 0.60000 1
./execute_sim20 5000 1 1 0. 10 1 0 7.82264 0.60000 1
./execute_sim20 5000 1 1 0. 10 1 0 8.53379 0.60000 1
./execute_sim20 5000 1 1 0. 10 1 0 9.24494 0.60000 1
./execute_sim20 5000 1 1 0. 10 1 0 9.95609 0.60000 1
./execute_sim20 5000 1 1 0. 10 1 0 10.66720 0.60000 1
./execute_sim20 5000 1 1 0. 10 1 0 11.37840 0.60000 1
./execute_sim20 5000 1 1 0. 10 1 0 12.08950 0.60000 1
./execute_sim20 5000 1 1 0. 10 1 0 12.80070 0.60000 1
./execute_sim20 5000 1 1 0. 10 1 0 13.51180 0.60000 1
./execute_sim20 5000 1 1 0. 10 1 0 14.22300 0.60000 1
./execute_sim20 5000 1 1 0. 10 1 0 14.93410 0.60000 1
./execute_sim20 5000 1 1 0. 10 1 0 15.64530 0.60000 1
./execute_sim20 5000 1 1 0. 10 1 0 16.35640 0.60000 1
./execute_sim20 5000 1 1 0. 10 1 0 17.06760 0.60000 1
./execute_sim20 5000 1 1 0. 10 1 0 17.77870 0.60000 1
./execute_sim20 5000 1 1 0. 10 1 0 18.48990 0.60000 1
./execute_sim20 5000 1 1 0. 10 1 0 19.20100 0.60000 1
./execute_sim20 5000 1 1 0. 10 1 0 19.91220 0.60000 1
./execute_sim20 5000 1 1 0. 10 1 0 20.62330 0.60000 1
./execute_sim20 5000 1 1 0. 10 1 0 21.33450 0.60000 1
./execute_sim20 5000 1 1 0. 10 1 0 0.00000 0.65000 1
./execute_sim20 5000 1 1 0. 10 1 0 0.71115 0.65000 1
./execute_sim20 5000 1 1 0. 10 1 0 1.42230 0.65000 1
./execute_sim20 5000 1 1 0. 10 1 0 2.13345 0.65000 1
./execute_sim20 5000 1 1 0. 10 1 0 2.84460 0.65000 1
./execute_sim20 5000 1 1 0. 10 1 0 3.55575 0.65000 1
./execute_sim20 5000 1 1 0. 10 1 0 4.26690 0.65000 1
./execute_sim20 5000 1 1 0. 10 1 0 4.97805 0.65000 1
./execute_sim20 5000 1 1 0. 10 1 0 5.68920 0.65000 1
./execute_sim20 5000 1 1 0. 10 1 0 6.40035 0.65000 1
./execute_sim20 5000 1 1 0. 10 1 0 7.11150 0.65000 1
./execute_sim20 5000 1 1 0. 10 1 0 7.82264 0.65000 1
./execute_sim20 5000 1 1 0. 10 1 0 8.53379 0.65000 1
./execute_sim20 5000 1 1 0. 10 1 0 9.24494 0.65000 1
./execute_sim20 5000 1 1 0. 10 1 0 9.95609 0.65000 1
./execute_sim20 5000 1 1 0. 10 1 0 10.66720 0.65000 1
./execute_sim20 5000 1 1 0. 10 1 0 11.37840 0.65000 1
./execute_sim20 5000 1 1 0. 10 1 0 12.08950 0.65000 1
./execute_sim20 5000 1 1 0. 10 1 0 12.80070 0.65000 1
./execute_sim20 5000 1 1 0. 10 1 0 13.51180 0.65000 1
./execute_sim20 5000 1 1 0. 10 1 0 14.22300 0.65000 1
./execute_sim20 5000 1 1 0. 10 1 0 14.93410 0.65000 1
./execute_sim20 5000 1 1 0. 10 1 0 15.64530 0.65000 1
./execute_sim20 5000 1 1 0. 10 1 0 16.35640 0.65000 1
./execute_sim20 5000 1 1 0. 10 1 0 17.06760 0.65000 1
./execute_sim20 5000 1 1 0. 10 1 0 17.77870 0.65000 1
./execute_sim20 5000 1 1 0. 10 1 0 18.48990 0.65000 1
./execute_sim20 5000 1 1 0. 10 1 0 19.20100 0.65000 1
./execute_sim20 5000 1 1 0. 10 1 0 19.91220 0.65000 1
./execute_sim20 5000 1 1 0. 10 1 0 20.62330 0.65000 1
./execute_sim20 5000 1 1 0. 10 1 0 21.33450 0.65000 1
./execute_sim20 5000 1 1 0. 10 1 0 0.00000 0.70000 1
./execute_sim20 5000 1 1 0. 10 1 0 0.71115 0.70000 1
./execute_sim20 5000 1 1 0. 10 1 0 1.42230 0.70000 1
./execute_sim20 5000 1 1 0. 10 1 0 2.13345 0.70000 1
./execute_sim20 5000 1 1 0. 10 1 0 2.84460 0.70000 1
./execute_sim20 5000 1 1 0. 10 1 0 3.55575 0.70000 1
./execute_sim20 5000 1 1 0. 10 1 0 4.26690 0.70000 1
./execute_sim20 5000 1 1 0. 10 1 0 4.97805 0.70000 1
./execute_sim20 5000 1 1 0. 10 1 0 5.68920 0.70000 1
./execute_sim20 5000 1 1 0. 10 1 0 6.40035 0.70000 1
./execute_sim20 5000 1 1 0. 10 1 0 7.11150 0.70000 1
./execute_sim20 5000 1 1 0. 10 1 0 7.82264 0.70000 1
./execute_sim20 5000 1 1 0. 10 1 0 8.53379 0.70000 1
./execute_sim20 5000 1 1 0. 10 1 0 9.24494 0.70000 1
./execute_sim20 5000 1 1 0. 10 1 0 9.95609 0.70000 1
./execute_sim20 5000 1 1 0. 10 1 0 10.66720 0.70000 1
./execute_sim20 5000 1 1 0. 10 1 0 11.37840 0.70000 1
./execute_sim20 5000 1 1 0. 10 1 0 12.08950 0.70000 1
./execute_sim20 5000 1 1 0. 10 1 0 12.80070 0.70000 1
./execute_sim20 5000 1 1 0. 10 1 0 13.51180 0.70000 1
./execute_sim20 5000 1 1 0. 10 1 0 14.22300 0.70000 1
./execute_sim20 5000 1 1 0. 10 1 0 14.93410 0.70000 1
./execute_sim20 5000 1 1 0. 10 1 0 15.64530 0.70000 1
./execute_sim20 5000 1 1 0. 10 1 0 16.35640 0.70000 1
./execute_sim20 5000 1 1 0. 10 1 0 17.06760 0.70000 1
./execute_sim20 5000 1 1 0. 10 1 0 17.77870 0.70000 1
./execute_sim20 5000 1 1 0. 10 1 0 18.48990 0.70000 1
./execute_sim20 5000 1 1 0. 10 1 0 19.20100 0.70000 1
./execute_sim20 5000 1 1 0. 10 1 0 19.91220 0.70000 1
./execute_sim20 5000 1 1 0. 10 1 0 20.62330 0.70000 1
./execute_sim20 5000 1 1 0. 10 1 0 21.33450 0.70000 1
./execute_sim20 5000 1 1 0. 10 1 0 0.00000 0.75000 1
./execute_sim20 5000 1 1 0. 10 1 0 0.71115 0.75000 1
./execute_sim20 5000 1 1 0. 10 1 0 1.42230 0.75000 1
./execute_sim20 5000 1 1 0. 10 1 0 2.13345 0.75000 1
./execute_sim20 5000 1 1 0. 10 1 0 2.84460 0.75000 1
./execute_sim20 5000 1 1 0. 10 1 0 3.55575 0.75000 1
./execute_sim20 5000 1 1 0. 10 1 0 4.26690 0.75000 1
./execute_sim20 5000 1 1 0. 10 1 0 4.97805 0.75000 1
./execute_sim20 5000 1 1 0. 10 1 0 5.68920 0.75000 1
./execute_sim20 5000 1 1 0. 10 1 0 6.40035 0.75000 1
./execute_sim20 5000 1 1 0. 10 1 0 7.11150 0.75000 1
./execute_sim20 5000 1 1 0. 10 1 0 7.82264 0.75000 1
./execute_sim20 5000 1 1 0. 10 1 0 8.53379 0.75000 1
./execute_sim20 5000 1 1 0. 10 1 0 9.24494 0.75000 1
./execute_sim20 5000 1 1 0. 10 1 0 9.95609 0.75000 1
./execute_sim20 5000 1 1 0. 10 1 0 10.66720 0.75000 1
./execute_sim20 5000 1 1 0. 10 1 0 11.37840 0.75000 1
./execute_sim20 5000 1 1 0. 10 1 0 12.08950 0.75000 1
./execute_sim20 5000 1 1 0. 10 1 0 12.80070 0.75000 1
./execute_sim20 5000 1 1 0. 10 1 0 13.51180 0.75000 1
./execute_sim20 5000 1 1 0. 10 1 0 14.22300 0.75000 1
./execute_sim20 5000 1 1 0. 10 1 0 14.93410 0.75000 1
./execute_sim20 5000 1 1 0. 10 1 0 15.64530 0.75000 1
./execute_sim20 5000 1 1 0. 10 1 0 16.35640 0.75000 1
./execute_sim20 5000 1 1 0. 10 1 0 17.06760 0.75000 1
./execute_sim20 5000 1 1 0. 10 1 0 17.77870 0.75000 1
./execute_sim20 5000 1 1 0. 10 1 0 18.48990 0.75000 1
./execute_sim20 5000 1 1 0. 10 1 0 19.20100 0.75000 1
./execute_sim20 5000 1 1 0. 10 1 0 19.91220 0.75000 1
./execute_sim20 5000 1 1 0. 10 1 0 20.62330 0.75000 1
./execute_sim20 5000 1 1 0. 10 1 0 21.33450 0.75000 1
./execute_sim20 5000 1 1 0. 10 1 0 0.00000 0.80000 1
./execute_sim20 5000 1 1 0. 10 1 0 0.71115 0.80000 1
./execute_sim20 5000 1 1 0. 10 1 0 1.42230 0.80000 1
./execute_sim20 5000 1 1 0. 10 1 0 2.13345 0.80000 1
./execute_sim20 5000 1 1 0. 10 1 0 2.84460 0.80000 1
./execute_sim20 5000 1 1 0. 10 1 0 3.55575 0.80000 1
./execute_sim20 5000 1 1 0. 10 1 0 4.26690 0.80000 1
./execute_sim20 5000 1 1 0. 10 1 0 4.97805 0.80000 1
./execute_sim20 5000 1 1 0. 10 1 0 5.68920 0.80000 1
./execute_sim20 5000 1 1 0. 10 1 0 6.40035 0.80000 1
./execute_sim20 5000 1 1 0. 10 1 0 7.11150 0.80000 1
./execute_sim20 5000 1 1 0. 10 1 0 7.82264 0.80000 1
./execute_sim20 5000 1 1 0. 10 1 0 8.53379 0.80000 1
./execute_sim20 5000 1 1 0. 10 1 0 9.24494 0.80000 1
./execute_sim20 5000 1 1 0. 10 1 0 9.95609 0.80000 1
./execute_sim20 5000 1 1 0. 10 1 0 10.66720 0.80000 1
./execute_sim20 5000 1 1 0. 10 1 0 11.37840 0.80000 1
./execute_sim20 5000 1 1 0. 10 1 0 12.08950 0.80000 1
./execute_sim20 5000 1 1 0. 10 1 0 12.80070 0.80000 1
./execute_sim20 5000 1 1 0. 10 1 0 13.51180 0.80000 1
./execute_sim20 5000 1 1 0. 10 1 0 14.22300 0.80000 1
./execute_sim20 5000 1 1 0. 10 1 0 14.93410 0.80000 1
./execute_sim20 5000 1 1 0. 10 1 0 15.64530 0.80000 1
./execute_sim20 5000 1 1 0. 10 1 0 16.35640 0.80000 1
./execute_sim20 5000 1 1 0. 10 1 0 17.06760 0.80000 1
./execute_sim20 5000 1 1 0. 10 1 0 17.77870 0.80000 1
./execute_sim20 5000 1 1 0. 10 1 0 18.48990 0.80000 1
./execute_sim20 5000 1 1 0. 10 1 0 19.20100 0.80000 1
./execute_sim20 5000 1 1 0. 10 1 0 19.91220 0.80000 1
./execute_sim20 5000 1 1 0. 10 1 0 20.62330 0.80000 1
./execute_sim20 5000 1 1 0. 10 1 0 21.33450 0.80000 1
./execute_sim20 5000 1 1 0. 10 1 0 0.00000 0.85000 1
./execute_sim20 5000 1 1 0. 10 1 0 0.71115 0.85000 1
./execute_sim20 5000 1 1 0. 10 1 0 1.42230 0.85000 1
./execute_sim20 5000 1 1 0. 10 1 0 2.13345 0.85000 1
./execute_sim20 5000 1 1 0. 10 1 0 2.84460 0.85000 1
./execute_sim20 5000 1 1 0. 10 1 0 3.55575 0.85000 1
./execute_sim20 5000 1 1 0. 10 1 0 4.26690 0.85000 1
./execute_sim20 5000 1 1 0. 10 1 0 4.97805 0.85000 1
./execute_sim20 5000 1 1 0. 10 1 0 5.68920 0.85000 1
./execute_sim20 5000 1 1 0. 10 1 0 6.40035 0.85000 1
./execute_sim20 5000 1 1 0. 10 1 0 7.11150 0.85000 1
./execute_sim20 5000 1 1 0. 10 1 0 7.82264 0.85000 1
./execute_sim20 5000 1 1 0. 10 1 0 8.53379 0.85000 1
./execute_sim20 5000 1 1 0. 10 1 0 9.24494 0.85000 1
./execute_sim20 5000 1 1 0. 10 1 0 9.95609 0.85000 1
./execute_sim20 5000 1 1 0. 10 1 0 10.66720 0.85000 1
./execute_sim20 5000 1 1 0. 10 1 0 11.37840 0.85000 1
./execute_sim20 5000 1 1 0. 10 1 0 12.08950 0.85000 1
./execute_sim20 5000 1 1 0. 10 1 0 12.80070 0.85000 1
./execute_sim20 5000 1 1 0. 10 1 0 13.51180 0.85000 1
./execute_sim20 5000 1 1 0. 10 1 0 14.22300 0.85000 1
./execute_sim20 5000 1 1 0. 10 1 0 14.93410 0.85000 1
./execute_sim20 5000 1 1 0. 10 1 0 15.64530 0.85000 1
./execute_sim20 5000 1 1 0. 10 1 0 16.35640 0.85000 1
./execute_sim20 5000 1 1 0. 10 1 0 17.06760 0.85000 1
./execute_sim20 5000 1 1 0. 10 1 0 17.77870 0.85000 1
./execute_sim20 5000 1 1 0. 10 1 0 18.48990 0.85000 1
./execute_sim20 5000 1 1 0. 10 1 0 19.20100 0.85000 1
./execute_sim20 5000 1 1 0. 10 1 0 19.91220 0.85000 1
./execute_sim20 5000 1 1 0. 10 1 0 20.62330 0.85000 1
./execute_sim20 5000 1 1 0. 10 1 0 21.33450 0.85000 1
./execute_sim20 5000 1 1 0. 10 1 0 0.00000 0.90000 1
./execute_sim20 5000 1 1 0. 10 1 0 0.71115 0.90000 1
./execute_sim20 5000 1 1 0. 10 1 0 1.42230 0.90000 1
./execute_sim20 5000 1 1 0. 10 1 0 2.13345 0.90000 1
./execute_sim20 5000 1 1 0. 10 1 0 2.84460 0.90000 1
./execute_sim20 5000 1 1 0. 10 1 0 3.55575 0.90000 1
./execute_sim20 5000 1 1 0. 10 1 0 4.26690 0.90000 1
./execute_sim20 5000 1 1 0. 10 1 0 4.97805 0.90000 1
./execute_sim20 5000 1 1 0. 10 1 0 5.68920 0.90000 1
./execute_sim20 5000 1 1 0. 10 1 0 6.40035 0.90000 1
./execute_sim20 5000 1 1 0. 10 1 0 7.11150 0.90000 1
./execute_sim20 5000 1 1 0. 10 1 0 7.82264 0.90000 1
./execute_sim20 5000 1 1 0. 10 1 0 8.53379 0.90000 1
./execute_sim20 5000 1 1 0. 10 1 0 9.24494 0.90000 1
./execute_sim20 5000 1 1 0. 10 1 0 9.95609 0.90000 1
./execute_sim20 5000 1 1 0. 10 1 0 10.66720 0.90000 1
./execute_sim20 5000 1 1 0. 10 1 0 11.37840 0.90000 1
./execute_sim20 5000 1 1 0. 10 1 0 12.08950 0.90000 1
./execute_sim20 5000 1 1 0. 10 1 0 12.80070 0.90000 1
./execute_sim20 5000 1 1 0. 10 1 0 13.51180 0.90000 1
./execute_sim20 5000 1 1 0. 10 1 0 14.22300 0.90000 1
./execute_sim20 5000 1 1 0. 10 1 0 14.93410 0.90000 1
./execute_sim20 5000 1 1 0. 10 1 0 15.64530 0.90000 1
./execute_sim20 5000 1 1 0. 10 1 0 16.35640 0.90000 1
./execute_sim20 5000 1 1 0. 10 1 0 17.06760 0.90000 1
./execute_sim20 5000 1 1 0. 10 1 0 17.77870 0.90000 1
./execute_sim20 5000 1 1 0. 10 1 0 18.48990 0.90000 1
./execute_sim20 5000 1 1 0. 10 1 0 19.20100 0.90000 1
./execute_sim20 5000 1 1 0. 10 1 0 19.91220 0.90000 1
./execute_sim20 5000 1 1 0. 10 1 0 20.62330 0.90000 1
./execute_sim20 5000 1 1 0. 10 1 0 21.33450 0.90000 1
./execute_sim20 5000 1 1 0. 10 1 0 0.00000 0.95000 1
./execute_sim20 5000 1 1 0. 10 1 0 0.71115 0.95000 1
./execute_sim20 5000 1 1 0. 10 1 0 1.42230 0.95000 1
./execute_sim20 5000 1 1 0. 10 1 0 2.13345 0.95000 1
./execute_sim20 5000 1 1 0. 10 1 0 2.84460 0.95000 1
./execute_sim20 5000 1 1 0. 10 1 0 3.55575 0.95000 1
./execute_sim20 5000 1 1 0. 10 1 0 4.26690 0.95000 1
./execute_sim20 5000 1 1 0. 10 1 0 4.97805 0.95000 1
./execute_sim20 5000 1 1 0. 10 1 0 5.68920 0.95000 1
./execute_sim20 5000 1 1 0. 10 1 0 6.40035 0.95000 1
./execute_sim20 5000 1 1 0. 10 1 0 7.11150 0.95000 1
./execute_sim20 5000 1 1 0. 10 1 0 7.82264 0.95000 1
./execute_sim20 5000 1 1 0. 10 1 0 8.53379 0.95000 1
./execute_sim20 5000 1 1 0. 10 1 0 9.24494 0.95000 1
./execute_sim20 5000 1 1 0. 10 1 0 9.95609 0.95000 1
./execute_sim20 5000 1 1 0. 10 1 0 10.66720 0.95000 1
./execute_sim20 5000 1 1 0. 10 1 0 11.37840 0.95000 1
./execute_sim20 5000 1 1 0. 10 1 0 12.08950 0.95000 1
./execute_sim20 5000 1 1 0. 10 1 0 12.80070 0.95000 1
./execute_sim20 5000 1 1 0. 10 1 0 13.51180 0.95000 1
./execute_sim20 5000 1 1 0. 10 1 0 14.22300 0.95000 1
./execute_sim20 5000 1 1 0. 10 1 0 14.93410 0.95000 1
./execute_sim20 5000 1 1 0. 10 1 0 15.64530 0.95000 1
./execute_sim20 5000 1 1 0. 10 1 0 16.35640 0.95000 1
./execute_sim20 5000 1 1 0. 10 1 0 17.06760 0.95000 1
./execute_sim20 5000 1 1 0. 10 1 0 17.77870 0.95000 1
./execute_sim20 5000 1 1 0. 10 1 0 18.48990 0.95000 1
./execute_sim20 5000 1 1 0. 10 1 0 19.20100 0.95000 1
./execute_sim20 5000 1 1 0. 10 1 0 19.91220 0.95000 1
./execute_sim20 5000 1 1 0. 10 1 0 20.62330 0.95000 1
./execute_sim20 5000 1 1 0. 10 1 0 21.33450 0.95000 1
./execute_sim20 5000 1 1 0. 10 1 0 0.00000 1.00000 1
./execute_sim20 5000 1 1 0. 10 1 0 0.71115 1.00000 1
./execute_sim20 5000 1 1 0. 10 1 0 1.42230 1.00000 1
./execute_sim20 5000 1 1 0. 10 1 0 2.13345 1.00000 1
./execute_sim20 5000 1 1 0. 10 1 0 2.84460 1.00000 1
./execute_sim20 5000 1 1 0. 10 1 0 3.55575 1.00000 1
./execute_sim20 5000 1 1 0. 10 1 0 4.26690 1.00000 1
./execute_sim20 5000 1 1 0. 10 1 0 4.97805 1.00000 1
./execute_sim20 5000 1 1 0. 10 1 0 5.68920 1.00000 1
./execute_sim20 5000 1 1 0. 10 1 0 6.40035 1.00000 1
./execute_sim20 5000 1 1 0. 10 1 0 7.11150 1.00000 1
./execute_sim20 5000 1 1 0. 10 1 0 7.82264 1.00000 1
./execute_sim20 5000 1 1 0. 10 1 0 8.53379 1.00000 1
./execute_sim20 5000 1 1 0. 10 1 0 9.24494 1.00000 1
./execute_sim20 5000 1 1 0. 10 1 0 9.95609 1.00000 1
./execute_sim20 5000 1 1 0. 10 1 0 10.66720 1.00000 1
./execute_sim20 5000 1 1 0. 10 1 0 11.37840 1.00000 1
./execute_sim20 5000 1 1 0. 10 1 0 12.08950 1.00000 1
./execute_sim20 5000 1 1 0. 10 1 0 12.80070 1.00000 1
./execute_sim20 5000 1 1 0. 10 1 0 13.51180 1.00000 1
./execute_sim20 5000 1 1 0. 10 1 0 14.22300 1.00000 1
./execute_sim20 5000 1 1 0. 10 1 0 14.93410 1.00000 1
./execute_sim20 5000 1 1 0. 10 1 0 15.64530 1.00000 1
./execute_sim20 5000 1 1 0. 10 1 0 16.35640 1.00000 1
./execute_sim20 5000 1 1 0. 10 1 0 17.06760 1.00000 1
./execute_sim20 5000 1 1 0. 10 1 0 17.77870 1.00000 1
./execute_sim20 5000 1 1 0. 10 1 0 18.48990 1.00000 1
./execute_sim20 5000 1 1 0. 10 1 0 19.20100 1.00000 1
./execute_sim20 5000 1 1 0. 10 1 0 19.91220 1.00000 1
./execute_sim20 5000 1 1 0. 10 1 0 20.62330 1.00000 1
./execute_sim20 5000 1 1 0. 10 1 0 21.33450 1.00000 1
./execute_sim20 5000 1 1 0. 10 1 0 0.00000 1.05000 1
./execute_sim20 5000 1 1 0. 10 1 0 0.71115 1.05000 1
./execute_sim20 5000 1 1 0. 10 1 0 1.42230 1.05000 1
./execute_sim20 5000 1 1 0. 10 1 0 2.13345 1.05000 1
./execute_sim20 5000 1 1 0. 10 1 0 2.84460 1.05000 1
./execute_sim20 5000 1 1 0. 10 1 0 3.55575 1.05000 1
./execute_sim20 5000 1 1 0. 10 1 0 4.26690 1.05000 1
./execute_sim20 5000 1 1 0. 10 1 0 4.97805 1.05000 1
./execute_sim20 5000 1 1 0. 10 1 0 5.68920 1.05000 1
./execute_sim20 5000 1 1 0. 10 1 0 6.40035 1.05000 1
./execute_sim20 5000 1 1 0. 10 1 0 7.11150 1.05000 1
./execute_sim20 5000 1 1 0. 10 1 0 7.82264 1.05000 1
./execute_sim20 5000 1 1 0. 10 1 0 8.53379 1.05000 1
./execute_sim20 5000 1 1 0. 10 1 0 9.24494 1.05000 1
./execute_sim20 5000 1 1 0. 10 1 0 9.95609 1.05000 1
./execute_sim20 5000 1 1 0. 10 1 0 10.66720 1.05000 1
./execute_sim20 5000 1 1 0. 10 1 0 11.37840 1.05000 1
./execute_sim20 5000 1 1 0. 10 1 0 12.08950 1.05000 1
./execute_sim20 5000 1 1 0. 10 1 0 12.80070 1.05000 1
./execute_sim20 5000 1 1 0. 10 1 0 13.51180 1.05000 1
./execute_sim20 5000 1 1 0. 10 1 0 14.22300 1.05000 1
./execute_sim20 5000 1 1 0. 10 1 0 14.93410 1.05000 1
./execute_sim20 5000 1 1 0. 10 1 0 15.64530 1.05000 1
./execute_sim20 5000 1 1 0. 10 1 0 16.35640 1.05000 1
./execute_sim20 5000 1 1 0. 10 1 0 17.06760 1.05000 1
./execute_sim20 5000 1 1 0. 10 1 0 17.77870 1.05000 1
./execute_sim20 5000 1 1 0. 10 1 0 18.48990 1.05000 1
./execute_sim20 5000 1 1 0. 10 1 0 19.20100 1.05000 1
./execute_sim20 5000 1 1 0. 10 1 0 19.91220 1.05000 1
./execute_sim20 5000 1 1 0. 10 1 0 20.62330 1.05000 1
./execute_sim20 5000 1 1 0. 10 1 0 21.33450 1.05000 1
./execute_sim20 5000 1 1 0. 10 1 0 0.00000 1.10000 1
./execute_sim20 5000 1 1 0. 10 1 0 0.71115 1.10000 1
./execute_sim20 5000 1 1 0. 10 1 0 1.42230 1.10000 1
./execute_sim20 5000 1 1 0. 10 1 0 2.13345 1.10000 1
./execute_sim20 5000 1 1 0. 10 1 0 2.84460 1.10000 1
./execute_sim20 5000 1 1 0. 10 1 0 3.55575 1.10000 1
./execute_sim20 5000 1 1 0. 10 1 0 4.26690 1.10000 1
./execute_sim20 5000 1 1 0. 10 1 0 4.97805 1.10000 1
./execute_sim20 5000 1 1 0. 10 1 0 5.68920 1.10000 1
./execute_sim20 5000 1 1 0. 10 1 0 6.40035 1.10000 1
./execute_sim20 5000 1 1 0. 10 1 0 7.11150 1.10000 1
./execute_sim20 5000 1 1 0. 10 1 0 7.82264 1.10000 1
./execute_sim20 5000 1 1 0. 10 1 0 8.53379 1.10000 1
./execute_sim20 5000 1 1 0. 10 1 0 9.24494 1.10000 1
./execute_sim20 5000 1 1 0. 10 1 0 9.95609 1.10000 1
./execute_sim20 5000 1 1 0. 10 1 0 10.66720 1.10000 1
./execute_sim20 5000 1 1 0. 10 1 0 11.37840 1.10000 1
./execute_sim20 5000 1 1 0. 10 1 0 12.08950 1.10000 1
./execute_sim20 5000 1 1 0. 10 1 0 12.80070 1.10000 1
./execute_sim20 5000 1 1 0. 10 1 0 13.51180 1.10000 1
./execute_sim20 5000 1 1 0. 10 1 0 14.22300 1.10000 1
./execute_sim20 5000 1 1 0. 10 1 0 14.93410 1.10000 1
./execute_sim20 5000 1 1 0. 10 1 0 15.64530 1.10000 1
./execute_sim20 5000 1 1 0. 10 1 0 16.35640 1.10000 1
./execute_sim20 5000 1 1 0. 10 1 0 17.06760 1.10000 1
./execute_sim20 5000 1 1 0. 10 1 0 17.77870 1.10000 1
./execute_sim20 5000 1 1 0. 10 1 0 18.48990 1.10000 1
./execute_sim20 5000 1 1 0. 10 1 0 19.20100 1.10000 1
./execute_sim20 5000 1 1 0. 10 1 0 19.91220 1.10000 1
./execute_sim20 5000 1 1 0. 10 1 0 20.62330 1.10000 1
./execute_sim20 5000 1 1 0. 10 1 0 21.33450 1.10000 1
./execute_sim20 5000 1 1 0. 10 1 0 0.00000 1.15000 1
./execute_sim20 5000 1 1 0. 10 1 0 0.71115 1.15000 1
./execute_sim20 5000 1 1 0. 10 1 0 1.42230 1.15000 1
./execute_sim20 5000 1 1 0. 10 1 0 2.13345 1.15000 1
./execute_sim20 5000 1 1 0. 10 1 0 2.84460 1.15000 1
./execute_sim20 5000 1 1 0. 10 1 0 3.55575 1.15000 1
./execute_sim20 5000 1 1 0. 10 1 0 4.26690 1.15000 1
./execute_sim20 5000 1 1 0. 10 1 0 4.97805 1.15000 1
./execute_sim20 5000 1 1 0. 10 1 0 5.68920 1.15000 1
./execute_sim20 5000 1 1 0. 10 1 0 6.40035 1.15000 1
./execute_sim20 5000 1 1 0. 10 1 0 7.11150 1.15000 1
./execute_sim20 5000 1 1 0. 10 1 0 7.82264 1.15000 1
./execute_sim20 5000 1 1 0. 10 1 0 8.53379 1.15000 1
./execute_sim20 5000 1 1 0. 10 1 0 9.24494 1.15000 1
./execute_sim20 5000 1 1 0. 10 1 0 9.95609 1.15000 1
./execute_sim20 5000 1 1 0. 10 1 0 10.66720 1.15000 1
./execute_sim20 5000 1 1 0. 10 1 0 11.37840 1.15000 1
./execute_sim20 5000 1 1 0. 10 1 0 12.08950 1.15000 1
./execute_sim20 5000 1 1 0. 10 1 0 12.80070 1.15000 1
./execute_sim20 5000 1 1 0. 10 1 0 13.51180 1.15000 1
./execute_sim20 5000 1 1 0. 10 1 0 14.22300 1.15000 1
./execute_sim20 5000 1 1 0. 10 1 0 14.93410 1.15000 1
./execute_sim20 5000 1 1 0. 10 1 0 15.64530 1.15000 1
./execute_sim20 5000 1 1 0. 10 1 0 16.35640 1.15000 1
./execute_sim20 5000 1 1 0. 10 1 0 17.06760 1.15000 1
./execute_sim20 5000 1 1 0. 10 1 0 17.77870 1.15000 1
./execute_sim20 5000 1 1 0. 10 1 0 18.48990 1.15000 1
./execute_sim20 5000 1 1 0. 10 1 0 19.20100 1.15000 1
./execute_sim20 5000 1 1 0. 10 1 0 19.91220 1.15000 1
./execute_sim20 5000 1 1 0. 10 1 0 20.62330 1.15000 1
./execute_sim20 5000 1 1 0. 10 1 0 21.33450 1.15000 1
./execute_sim20 5000 1 1 0. 10 1 0 0.00000 1.20000 1
./execute_sim20 5000 1 1 0. 10 1 0 0.71115 1.20000 1
./execute_sim20 5000 1 1 0. 10 1 0 1.42230 1.20000 1
./execute_sim20 5000 1 1 0. 10 1 0 2.13345 1.20000 1
./execute_sim20 5000 1 1 0. 10 1 0 2.84460 1.20000 1
./execute_sim20 5000 1 1 0. 10 1 0 3.55575 1.20000 1
./execute_sim20 5000 1 1 0. 10 1 0 4.26690 1.20000 1
./execute_sim20 5000 1 1 0. 10 1 0 4.97805 1.20000 1
./execute_sim20 5000 1 1 0. 10 1 0 5.68920 1.20000 1
./execute_sim20 5000 1 1 0. 10 1 0 6.40035 1.20000 1
./execute_sim20 5000 1 1 0. 10 1 0 7.11150 1.20000 1
./execute_sim20 5000 1 1 0. 10 1 0 7.82264 1.20000 1
./execute_sim20 5000 1 1 0. 10 1 0 8.53379 1.20000 1
./execute_sim20 5000 1 1 0. 10 1 0 9.24494 1.20000 1
./execute_sim20 5000 1 1 0. 10 1 0 9.95609 1.20000 1
./execute_sim20 5000 1 1 0. 10 1 0 10.66720 1.20000 1
./execute_sim20 5000 1 1 0. 10 1 0 11.37840 1.20000 1
./execute_sim20 5000 1 1 0. 10 1 0 12.08950 1.20000 1
./execute_sim20 5000 1 1 0. 10 1 0 12.80070 1.20000 1
./execute_sim20 5000 1 1 0. 10 1 0 13.51180 1.20000 1
./execute_sim20 5000 1 1 0. 10 1 0 14.22300 1.20000 1
./execute_sim20 5000 1 1 0. 10 1 0 14.93410 1.20000 1
./execute_sim20 5000 1 1 0. 10 1 0 15.64530 1.20000 1
./execute_sim20 5000 1 1 0. 10 1 0 16.35640 1.20000 1
./execute_sim20 5000 1 1 0. 10 1 0 17.06760 1.20000 1
./execute_sim20 5000 1 1 0. 10 1 0 17.77870 1.20000 1
./execute_sim20 5000 1 1 0. 10 1 0 18.48990 1.20000 1
./execute_sim20 5000 1 1 0. 10 1 0 19.20100 1.20000 1
./execute_sim20 5000 1 1 0. 10 1 0 19.91220 1.20000 1
./execute_sim20 5000 1 1 0. 10 1 0 20.62330 1.20000 1
./execute_sim20 5000 1 1 0. 10 1 0 21.33450 1.20000 1
./execute_sim20 5000 1 1 0. 10 1 0 0.00000 1.25000 1
./execute_sim20 5000 1 1 0. 10 1 0 0.71115 1.25000 1
./execute_sim20 5000 1 1 0. 10 1 0 1.42230 1.25000 1
./execute_sim20 5000 1 1 0. 10 1 0 2.13345 1.25000 1
./execute_sim20 5000 1 1 0. 10 1 0 2.84460 1.25000 1
./execute_sim20 5000 1 1 0. 10 1 0 3.55575 1.25000 1
./execute_sim20 5000 1 1 0. 10 1 0 4.26690 1.25000 1
./execute_sim20 5000 1 1 0. 10 1 0 4.97805 1.25000 1
./execute_sim20 5000 1 1 0. 10 1 0 5.68920 1.25000 1
./execute_sim20 5000 1 1 0. 10 1 0 6.40035 1.25000 1
./execute_sim20 5000 1 1 0. 10 1 0 7.11150 1.25000 1
./execute_sim20 5000 1 1 0. 10 1 0 7.82264 1.25000 1
./execute_sim20 5000 1 1 0. 10 1 0 8.53379 1.25000 1
./execute_sim20 5000 1 1 0. 10 1 0 9.24494 1.25000 1
./execute_sim20 5000 1 1 0. 10 1 0 9.95609 1.25000 1
./execute_sim20 5000 1 1 0. 10 1 0 10.66720 1.25000 1
./execute_sim20 5000 1 1 0. 10 1 0 11.37840 1.25000 1
./execute_sim20 5000 1 1 0. 10 1 0 12.08950 1.25000 1
./execute_sim20 5000 1 1 0. 10 1 0 12.80070 1.25000 1
./execute_sim20 5000 1 1 0. 10 1 0 13.51180 1.25000 1
./execute_sim20 5000 1 1 0. 10 1 0 14.22300 1.25000 1
./execute_sim20 5000 1 1 0. 10 1 0 14.93410 1.25000 1
./execute_sim20 5000 1 1 0. 10 1 0 15.64530 1.25000 1
./execute_sim20 5000 1 1 0. 10 1 0 16.35640 1.25000 1
./execute_sim20 5000 1 1 0. 10 1 0 17.06760 1.25000 1
./execute_sim20 5000 1 1 0. 10 1 0 17.77870 1.25000 1
./execute_sim20 5000 1 1 0. 10 1 0 18.48990 1.25000 1
./execute_sim20 5000 1 1 0. 10 1 0 19.20100 1.25000 1
./execute_sim20 5000 1 1 0. 10 1 0 19.91220 1.25000 1
./execute_sim20 5000 1 1 0. 10 1 0 20.62330 1.25000 1
./execute_sim20 5000 1 1 0. 10 1 0 21.33450 1.25000 1
./execute_sim20 5000 1 1 0. 10 1 0 0.00000 1.30000 1
./execute_sim20 5000 1 1 0. 10 1 0 0.71115 1.30000 1
./execute_sim20 5000 1 1 0. 10 1 0 1.42230 1.30000 1
./execute_sim20 5000 1 1 0. 10 1 0 2.13345 1.30000 1
./execute_sim20 5000 1 1 0. 10 1 0 2.84460 1.30000 1
./execute_sim20 5000 1 1 0. 10 1 0 3.55575 1.30000 1
./execute_sim20 5000 1 1 0. 10 1 0 4.26690 1.30000 1
./execute_sim20 5000 1 1 0. 10 1 0 4.97805 1.30000 1
./execute_sim20 5000 1 1 0. 10 1 0 5.68920 1.30000 1
./execute_sim20 5000 1 1 0. 10 1 0 6.40035 1.30000 1
./execute_sim20 5000 1 1 0. 10 1 0 7.11150 1.30000 1
./execute_sim20 5000 1 1 0. 10 1 0 7.82264 1.30000 1
./execute_sim20 5000 1 1 0. 10 1 0 8.53379 1.30000 1
./execute_sim20 5000 1 1 0. 10 1 0 9.24494 1.30000 1
./execute_sim20 5000 1 1 0. 10 1 0 9.95609 1.30000 1
./execute_sim20 5000 1 1 0. 10 1 0 10.66720 1.30000 1
./execute_sim20 5000 1 1 0. 10 1 0 11.37840 1.30000 1
./execute_sim20 5000 1 1 0. 10 1 0 12.08950 1.30000 1
./execute_sim20 5000 1 1 0. 10 1 0 12.80070 1.30000 1
./execute_sim20 5000 1 1 0. 10 1 0 13.51180 1.30000 1
./execute_sim20 5000 1 1 0. 10 1 0 14.22300 1.30000 1
./execute_sim20 5000 1 1 0. 10 1 0 14.93410 1.30000 1
./execute_sim20 5000 1 1 0. 10 1 0 15.64530 1.30000 1
./execute_sim20 5000 1 1 0. 10 1 0 16.35640 1.30000 1
./execute_sim20 5000 1 1 0. 10 1 0 17.06760 1.30000 1
./execute_sim20 5000 1 1 0. 10 1 0 17.77870 1.30000 1
./execute_sim20 5000 1 1 0. 10 1 0 18.48990 1.30000 1
./execute_sim20 5000 1 1 0. 10 1 0 19.20100 1.30000 1
./execute_sim20 5000 1 1 0. 10 1 0 19.91220 1.30000 1
./execute_sim20 5000 1 1 0. 10 1 0 20.62330 1.30000 1
./execute_sim20 5000 1 1 0. 10 1 0 21.33450 1.30000 1
./execute_sim20 5000 1 1 0. 10 1 0 0.00000 1.35000 1
./execute_sim20 5000 1 1 0. 10 1 0 0.71115 1.35000 1
./execute_sim20 5000 1 1 0. 10 1 0 1.42230 1.35000 1
./execute_sim20 5000 1 1 0. 10 1 0 2.13345 1.35000 1
./execute_sim20 5000 1 1 0. 10 1 0 2.84460 1.35000 1
./execute_sim20 5000 1 1 0. 10 1 0 3.55575 1.35000 1
./execute_sim20 5000 1 1 0. 10 1 0 4.26690 1.35000 1
./execute_sim20 5000 1 1 0. 10 1 0 4.97805 1.35000 1
./execute_sim20 5000 1 1 0. 10 1 0 5.68920 1.35000 1
./execute_sim20 5000 1 1 0. 10 1 0 6.40035 1.35000 1
./execute_sim20 5000 1 1 0. 10 1 0 7.11150 1.35000 1
./execute_sim20 5000 1 1 0. 10 1 0 7.82264 1.35000 1
./execute_sim20 5000 1 1 0. 10 1 0 8.53379 1.35000 1
./execute_sim20 5000 1 1 0. 10 1 0 9.24494 1.35000 1
./execute_sim20 5000 1 1 0. 10 1 0 9.95609 1.35000 1
./execute_sim20 5000 1 1 0. 10 1 0 10.66720 1.35000 1
./execute_sim20 5000 1 1 0. 10 1 0 11.37840 1.35000 1
./execute_sim20 5000 1 1 0. 10 1 0 12.08950 1.35000 1
./execute_sim20 5000 1 1 0. 10 1 0 12.80070 1.35000 1
./execute_sim20 5000 1 1 0. 10 1 0 13.51180 1.35000 1
./execute_sim20 5000 1 1 0. 10 1 0 14.22300 1.35000 1
./execute_sim20 5000 1 1 0. 10 1 0 14.93410 1.35000 1
./execute_sim20 5000 1 1 0. 10 1 0 15.64530 1.35000 1
./execute_sim20 5000 1 1 0. 10 1 0 16.35640 1.35000 1
./execute_sim20 5000 1 1 0. 10 1 0 17.06760 1.35000 1
./execute_sim20 5000 1 1 0. 10 1 0 17.77870 1.35000 1
./execute_sim20 5000 1 1 0. 10 1 0 18.48990 1.35000 1
./execute_sim20 5000 1 1 0. 10 1 0 19.20100 1.35000 1
./execute_sim20 5000 1 1 0. 10 1 0 19.91220 1.35000 1
./execute_sim20 5000 1 1 0. 10 1 0 20.62330 1.35000 1
./execute_sim20 5000 1 1 0. 10 1 0 21.33450 1.35000 1
./execute_sim20 5000 1 1 0. 10 1 0 0.00000 1.40000 1
./execute_sim20 5000 1 1 0. 10 1 0 0.71115 1.40000 1
./execute_sim20 5000 1 1 0. 10 1 0 1.42230 1.40000 1
./execute_sim20 5000 1 1 0. 10 1 0 2.13345 1.40000 1
./execute_sim20 5000 1 1 0. 10 1 0 2.84460 1.40000 1
./execute_sim20 5000 1 1 0. 10 1 0 3.55575 1.40000 1
./execute_sim20 5000 1 1 0. 10 1 0 4.26690 1.40000 1
./execute_sim20 5000 1 1 0. 10 1 0 4.97805 1.40000 1
./execute_sim20 5000 1 1 0. 10 1 0 5.68920 1.40000 1
./execute_sim20 5000 1 1 0. 10 1 0 6.40035 1.40000 1
./execute_sim20 5000 1 1 0. 10 1 0 7.11150 1.40000 1
./execute_sim20 5000 1 1 0. 10 1 0 7.82264 1.40000 1
./execute_sim20 5000 1 1 0. 10 1 0 8.53379 1.40000 1
./execute_sim20 5000 1 1 0. 10 1 0 9.24494 1.40000 1
./execute_sim20 5000 1 1 0. 10 1 0 9.95609 1.40000 1
./execute_sim20 5000 1 1 0. 10 1 0 10.66720 1.40000 1
./execute_sim20 5000 1 1 0. 10 1 0 11.37840 1.40000 1
./execute_sim20 5000 1 1 0. 10 1 0 12.08950 1.40000 1
./execute_sim20 5000 1 1 0. 10 1 0 12.80070 1.40000 1
./execute_sim20 5000 1 1 0. 10 1 0 13.51180 1.40000 1
./execute_sim20 5000 1 1 0. 10 1 0 14.22300 1.40000 1
./execute_sim20 5000 1 1 0. 10 1 0 14.93410 1.40000 1
./execute_sim20 5000 1 1 0. 10 1 0 15.64530 1.40000 1
./execute_sim20 5000 1 1 0. 10 1 0 16.35640 1.40000 1
./execute_sim20 5000 1 1 0. 10 1 0 17.06760 1.40000 1
./execute_sim20 5000 1 1 0. 10 1 0 17.77870 1.40000 1
./execute_sim20 5000 1 1 0. 10 1 0 18.48990 1.40000 1
./execute_sim20 5000 1 1 0. 10 1 0 19.20100 1.40000 1
./execute_sim20 5000 1 1 0. 10 1 0 19.91220 1.40000 1
./execute_sim20 5000 1 1 0. 10 1 0 20.62330 1.40000 1
./execute_sim20 5000 1 1 0. 10 1 0 21.33450 1.40000 1
./execute_sim20 5000 1 1 0. 10 1 0 0.00000 1.45000 1
./execute_sim20 5000 1 1 0. 10 1 0 0.71115 1.45000 1
./execute_sim20 5000 1 1 0. 10 1 0 1.42230 1.45000 1
./execute_sim20 5000 1 1 0. 10 1 0 2.13345 1.45000 1
./execute_sim20 5000 1 1 0. 10 1 0 2.84460 1.45000 1
./execute_sim20 5000 1 1 0. 10 1 0 3.55575 1.45000 1
./execute_sim20 5000 1 1 0. 10 1 0 4.26690 1.45000 1
./execute_sim20 5000 1 1 0. 10 1 0 4.97805 1.45000 1
./execute_sim20 5000 1 1 0. 10 1 0 5.68920 1.45000 1
./execute_sim20 5000 1 1 0. 10 1 0 6.40035 1.45000 1
./execute_sim20 5000 1 1 0. 10 1 0 7.11150 1.45000 1
./execute_sim20 5000 1 1 0. 10 1 0 7.82264 1.45000 1
./execute_sim20 5000 1 1 0. 10 1 0 8.53379 1.45000 1
./execute_sim20 5000 1 1 0. 10 1 0 9.24494 1.45000 1
./execute_sim20 5000 1 1 0. 10 1 0 9.95609 1.45000 1
./execute_sim20 5000 1 1 0. 10 1 0 10.66720 1.45000 1
./execute_sim20 5000 1 1 0. 10 1 0 11.37840 1.45000 1
./execute_sim20 5000 1 1 0. 10 1 0 12.08950 1.45000 1
./execute_sim20 5000 1 1 0. 10 1 0 12.80070 1.45000 1
./execute_sim20 5000 1 1 0. 10 1 0 13.51180 1.45000 1
./execute_sim20 5000 1 1 0. 10 1 0 14.22300 1.45000 1
./execute_sim20 5000 1 1 0. 10 1 0 14.93410 1.45000 1
./execute_sim20 5000 1 1 0. 10 1 0 15.64530 1.45000 1
./execute_sim20 5000 1 1 0. 10 1 0 16.35640 1.45000 1
./execute_sim20 5000 1 1 0. 10 1 0 17.06760 1.45000 1
./execute_sim20 5000 1 1 0. 10 1 0 17.77870 1.45000 1
./execute_sim20 5000 1 1 0. 10 1 0 18.48990 1.45000 1
./execute_sim20 5000 1 1 0. 10 1 0 19.20100 1.45000 1
./execute_sim20 5000 1 1 0. 10 1 0 19.91220 1.45000 1
./execute_sim20 5000 1 1 0. 10 1 0 20.62330 1.45000 1
./execute_sim20 5000 1 1 0. 10 1 0 21.33450 1.45000 1
./execute_sim20 5000 1 1 0. 10 1 0 0.00000 1.50000 1
./execute_sim20 5000 1 1 0. 10 1 0 0.71115 1.50000 1
./execute_sim20 5000 1 1 0. 10 1 0 1.42230 1.50000 1
./execute_sim20 5000 1 1 0. 10 1 0 2.13345 1.50000 1
./execute_sim20 5000 1 1 0. 10 1 0 2.84460 1.50000 1
./execute_sim20 5000 1 1 0. 10 1 0 3.55575 1.50000 1
./execute_sim20 5000 1 1 0. 10 1 0 4.26690 1.50000 1
./execute_sim20 5000 1 1 0. 10 1 0 4.97805 1.50000 1
./execute_sim20 5000 1 1 0. 10 1 0 5.68920 1.50000 1
./execute_sim20 5000 1 1 0. 10 1 0 6.40035 1.50000 1
./execute_sim20 5000 1 1 0. 10 1 0 7.11150 1.50000 1
./execute_sim20 5000 1 1 0. 10 1 0 7.82264 1.50000 1
./execute_sim20 5000 1 1 0. 10 1 0 8.53379 1.50000 1
./execute_sim20 5000 1 1 0. 10 1 0 9.24494 1.50000 1
./execute_sim20 5000 1 1 0. 10 1 0 9.95609 1.50000 1
./execute_sim20 5000 1 1 0. 10 1 0 10.66720 1.50000 1
./execute_sim20 5000 1 1 0. 10 1 0 11.37840 1.50000 1
./execute_sim20 5000 1 1 0. 10 1 0 12.08950 1.50000 1
./execute_sim20 5000 1 1 0. 10 1 0 12.80070 1.50000 1
./execute_sim20 5000 1 1 0. 10 1 0 13.51180 1.50000 1
./execute_sim20 5000 1 1 0. 10 1 0 14.22300 1.50000 1
./execute_sim20 5000 1 1 0. 10 1 0 14.93410 1.50000 1
./execute_sim20 5000 1 1 0. 10 1 0 15.64530 1.50000 1
./execute_sim20 5000 1 1 0. 10 1 0 16.35640 1.50000 1
./execute_sim20 5000 1 1 0. 10 1 0 17.06760 1.50000 1
./execute_sim20 5000 1 1 0. 10 1 0 17.77870 1.50000 1
./execute_sim20 5000 1 1 0. 10 1 0 18.48990 1.50000 1
./execute_sim20 5000 1 1 0. 10 1 0 19.20100 1.50000 1
./execute_sim20 5000 1 1 0. 10 1 0 19.91220 1.50000 1
./execute_sim20 5000 1 1 0. 10 1 0 20.62330 1.50000 1
./execute_sim20 5000 1 1 0. 10 1 0 21.33450 1.50000 1